["port 1","LEFT"]
["port 2","LEFT"]
("port 1","mode 1",1,"port 1",1,"transmission")
(200, 3)
1.8737028625000000e+14 4.0623293087765936e-03 -2.2591010132763398e+00
1.8768413932579566e+14 3.9675156828652977e-03 -2.2508779760024940e+00
1.8799799240159128e+14 3.8740053909631375e-03 -2.2425612254512983e+00
1.8831184547738694e+14 3.7817886210391345e-03 -2.2341459291902583e+00
1.8862569855318259e+14 3.6908566725917355e-03 -2.2256269919521454e+00
1.8893955162897822e+14 3.6012019286427400e-03 -2.2169990097380659e+00
1.8925340470477388e+14 3.5128178172617050e-03 -2.2082562201798135e+00
1.8956725778056950e+14 3.4256987637102014e-03 -2.1993924492136498e+00
1.8988111085636516e+14 3.3398401344318521e-03 -2.1904010541272125e+00
1.9019496393216081e+14 3.2552381742281078e-03 -2.1812748630261813e+00
1.9050881700795644e+14 3.1718899380726844e-03 -2.1720061107906012e+00
1.9082267008375209e+14 3.0897932191078495e-03 -2.1625863715559683e+00
1.9113652315954775e+14 3.0089464744094286e-03 -2.1530064877779345e+00
1.9145037623534338e+14 2.9293487501757596e-03 -2.1432564959018188e+00
1.9176422931113903e+14 2.8509996080012933e-03 -2.1333255486672069e+00
1.9207808238693469e+14 2.7738990538989441e-03 -2.1232018340433583e+00
1.9239193546273031e+14 2.6980474717240386e-03 -2.1128724908000480e+00
1.9270578853852597e+14 2.6234455626157225e-03 -2.1023235206823352e+00
1.9301964161432162e+14 2.5500942920120263e-03 -2.0915396971566564e+00
1.9333349469011725e+14 2.4779948457214779e-03 -2.0805044706852494e+00
1.9364734776591291e+14 2.4071485964650987e-03 -2.0691998704844314e+00
1.9396120084170853e+14 2.3375570821742133e-03 -2.0576064027266967e+00
1.9427505391750419e+14 2.2692219972340563e-03 -2.0457029451840700e+00
1.9458890699329984e+14 2.2021451977371114e-03 -2.0334666383327868e+00
1.9490276006909547e+14 2.1363287216600814e-03 -2.0208727730459217e+00
1.9521661314489112e+14 2.0717748247369213e-03 -2.0078946750929405e+00
1.9553046622068678e+14 2.0084860326519084e-03 -1.9945035868381975e+00
1.9584431929648241e+14 1.9464652099894890e-03 -1.9806685467824645e+00
1.9615817237227806e+14 1.8857156462236261e-03 -1.9663562678927498e+00
1.9647202544807369e+14 1.8262411588040597e-03 -1.9515310161248554e+00
1.9678587852386934e+14 1.7680462132243016e-03 -1.9361544911093518e+00
1.9709973159966500e+14 1.7111360596892256e-03 -1.9201857117230012e+00
1.9741358467546062e+14 1.6555168857473978e-03 -1.9035809102487300e+00
1.9772743775125628e+14 1.6011959839390688e-03 -1.8862934400482332e+00
1.9804129082705194e+14 1.5481819331501754e-03 -1.8682737032214316e+00
1.9835514390284756e+14 1.4964847918750046e-03 -1.8494691066431885e+00
1.9866899697864322e+14 1.4461163010803209e-03 -1.8298240571146100e+00
1.9898285005443888e+14 1.3970900936332541e-03 -1.8092800091751620e+00
1.9929670313023450e+14 1.3494219064046384e-03 -1.7877755824677592e+00
1.9961055620603016e+14 1.3031297900698783e-03 -1.7652467693782572e+00
1.9992440928182581e+14 1.2582343103110423e-03 -1.7416272579950764e+00
2.0023826235762144e+14 1.2147587324628684e-03 -1.7168489000782441e+00
2.0055211543341709e+14 1.1727291797105413e-03 -1.6908423584372219e+00
2.0086596850921272e+14 1.1321747526260527e-03 -1.6635379724823096e+00
2.0117982158500838e+14 1.0931275951897837e-03 -1.6348668840272846e+00
2.0149367466080403e+14 1.0556228896127710e-03 -1.6047624666960503e+00
2.0180752773659966e+14 1.0196987592604968e-03 -1.5731621002354177e+00
2.0212138081239531e+14 9.8539605630387534e-04 -1.5400093238522379e+00
2.0243523388819097e+14 9.5275800854508017e-04 -1.5052563884876389e+00
2.0274908696398659e+14 9.2182969903224549e-04 -1.4688672044309961e+00
2.0306294003978225e+14 8.9265735323393910e-04 -1.4308206461093247e+00
2.0337679311557791e+14 8.6528741269007922e-04 -1.3911141291448228e+00
2.0369064619137353e+14 8.3976538215392365e-04 -1.3497673166947766e+00
2.0400449926716919e+14 8.1613445014109480e-04 -1.3068257460123607e+00
2.0431835234296481e+14 7.9443390087230665e-04 -1.2623640993544625e+00
2.0463220541876047e+14 7.7469735850592793e-04 -1.2164887869222216e+00
2.0494605849455612e+14 7.5695093069767349e-04 -1.1693394782000281e+00
2.0525991157035175e+14 7.4121134510064194e-04 -1.1210892276852871e+00
2.0557376464614741e+14 7.2748419512927236e-04 -1.0719429050274327e+00
2.0588761772194306e+14 7.1576242533123605e-04 -1.0221337633550147e+00
2.0620147079773869e+14 7.0602518722631766e-04 -9.7191815667447523e-01
2.0651532387353434e+14 6.9823718039265631e-04 -9.2156862578323806e-01
2.0682917694933000e+14 6.9234856053505811e-04 -8.7136577837497087e-01
2.0714303002512562e+14 6.8829544947713911e-04 -8.2158955307540926e-01
2.0745688310092128e+14 6.8600102798541476e-04 -7.7251054443597211e-01
2.0777073617671694e+14 6.8537713945297416e-04 -7.2438205687773327e-01
2.0808458925251256e+14 6.8632628926760359e-04 -6.7743345239396136e-01
2.0839844232830822e+14 6.8874389737580508e-04 -6.3186518221204113e-01
2.0871229540410384e+14 6.9252065305661016e-04 -5.8784568311747065e-01
2.0902614847989950e+14 6.9754483017867496e-04 -5.4551011406164374e-01
2.0934000155569516e+14 7.0370444427564924e-04 -5.0496074026230153e-01
2.0965385463149078e+14 7.1088916397996462e-04 -4.6626865897039765e-01
2.0996770770728644e+14 7.1899192289492377e-04 -4.2947650782119406e-01
2.1028156078308209e+14 7.2791020919978772e-04 -3.9460179557770803e-01
2.1059541385887772e+14 7.3754703605100340e-04 -3.6164053232436266e-01
2.1090926693467338e+14 7.4781161471959437e-04 -3.3057089542177337e-01
2.1122312001046900e+14 7.5861976448264991e-04 -3.0135673504131222e-01
2.1153697308626466e+14 7.6989409926685420e-04 -2.7395078811162704e-01
2.1185082616206031e+14 7.8156403246665708e-04 -2.4829752569890920e-01
2.1216467923785594e+14 7.9356563942294188e-04 -2.2433560338972092e-01
2.1247853231365159e+14 8.0584141318181890e-04 -2.0199991664778444e-01
2.1279238538944725e+14 8.1833994425820349e-04 -1.8122328476108923e-01
2.1310623846524288e+14 8.3101555002738881e-04 -1.6193779977162695e-01
2.1342009154103853e+14 8.4382787443074289e-04 -1.4407588277729208e-01
2.1373394461683419e+14 8.5674147430089647e-04 -1.2757109131063177e-01
2.1404779769262981e+14 8.6972540481500564e-04 -1.1235871970450288e-01
2.1436165076842547e+14 8.8275281343474002e-04 -9.8376230654270688e-02
2.1467550384422112e+14 8.9580054919393966e-04 -8.5563551675726199e-02
2.1498935692001675e+14 9.0884879214533855e-04 -7.3863265327506547e-02
2.1530320999581241e+14 9.2188070628498951e-04 -6.3220717331636048e-02
2.1561706307160806e+14 9.3488211806106716e-04 -5.3584062429938399e-02
2.1593091614740369e+14 9.4784122171496653e-04 -4.4904263914856447e-02
2.1624476922319934e+14 9.6074831201481295e-04 -3.7135059463980220e-02
2.1655862229899497e+14 9.7359554448632805e-04 -3.0232903065474392e-02
2.1687247537479062e+14 9.8637672283110310e-04 -2.4156890481251438e-02
2.1718632845058628e+14 9.9908711298287898e-04 -1.8868673765586704e-02
2.1750018152638191e+14 1.0117232829872597e-03 -1.4332368817454158e-02
2.1781403460217756e+14 1.0242829677461812e-03 -1.0514458712702311e-02
2.1812788767797322e+14 1.0367649574739987e-03 -7.3836946003211276e-03
2.1844174075376884e+14 1.0491690086010742e-03 -4.9109952321885987e-03
2.1875559382956450e+14 1.0614957757157921e-03 -3.0693456365289422e-03
2.1906944690536012e+14 1.0737467630186272e-03 -1.8336950507224210e-03
2.1938329998115578e+14 1.0859242936433775e-03 -1.1808540010818905e-03
2.1969715305695144e+14 1.0980314951059783e-03 -1.0893901920632945e-03
2.2001100613274706e+14 1.1100722990395064e-03 -1.5395228454509534e-03
2.2032485920854272e+14 1.1220514532551027e-03 -2.5130150739796431e-03
2.2063871228433838e+14 1.1339745441567638e-03 -3.9930639200004602e-03
2.2095256536013400e+14 1.1458480274145605e-03 -5.9641877673213915e-03
2.2126641843592966e+14 1.1576792647961078e-03 -8.4121109240593104e-03
2.2158027151172531e+14 1.1694765649977127e-03 -1.1323645314567709e-02
2.2189412458752094e+14 1.1812492263612940e-03 -1.4686569355041233e-02
2.2220797766331659e+14 1.1930075793312378e-03 -1.8489504231615203e-02
2.2252183073911225e+14 1.2047630265642727e-03 -2.2721787994961509e-02
2.2283568381490788e+14 1.2165280786961585e-03 -2.7373347993853606e-02
2.2314953689070353e+14 1.2283163838219930e-03 -3.2434572394136933e-02
2.2346338996649919e+14 1.2401427489091752e-03 -3.7896181644409541e-02
2.2377724304229481e+14 1.2520231514718213e-03 -4.3749100922519664e-02
2.2409109611809047e+14 1.2639747400480358e-03 -4.9984334739245323e-02
2.2440494919388609e+14 1.2760158222041064e-03 -5.6592844992240578e-02
2.2471880226968175e+14 1.2881658390264804e-03 -6.3565433868285268e-02
2.2503265534547741e+14 1.3004453253241228e-03 -7.0892633090428148e-02
2.2534650842127303e+14 1.3128758550492036e-03 -7.8564601032584391e-02
2.2566036149706869e+14 1.3254799717313164e-03 -8.6571029267342392e-02
2.2597421457286431e+14 1.3382811040564342e-03 -9.4901060067225831e-02
2.2628806764865997e+14 1.3513034670437952e-03 -1.0354321634226195e-01
2.2660192072445562e+14 1.3645719496148297e-03 -1.1248534535161361e-01
2.2691577380025125e+14 1.3781119896776883e-03 -1.2171457740400068e-01
2.2722962687604691e+14 1.3919494381933514e-03 -1.3121730051692224e-01
2.2754347995184256e+14 1.4061104139645641e-03 -1.4097915177382842e-01
2.2785733302763819e+14 1.4206211512190019e-03 -1.5098502581770840e-01
2.2817118610343384e+14 1.4355078422564197e-03 -1.6121910055387467e-01
2.2848503917922950e+14 1.4507964776499563e-03 -1.7166487981023396e-01
2.2879889225502512e+14 1.4665126866507806e-03 -1.8230525229616620e-01
2.2911274533082078e+14 1.4826815804874507e-03 -1.9312256581157439e-01
2.2942659840661644e+14 1.4993276013192183e-03 -2.0409871530322873e-01
2.2974045148241206e+14 1.5164743795132518e-03 -2.1521524299214581e-01
2.3005430455820772e+14 1.5341446018109172e-03 -2.2645344848822077e-01
2.3036815763400338e+14 1.5523598927379286e-03 -2.3779450656805365e-01
2.3068201070979900e+14 1.5711407113911796e-03 -2.4921959006521222e-01
2.3099586378559466e+14 1.5905062653724026e-03 -2.6070999523692634e-01
2.3130971686139031e+14 1.6104744433086515e-03 -2.7224726690331713e-01
2.3162356993718594e+14 1.6310617669863512e-03 -2.8381332072089988e-01
2.3193742301298159e+14 1.6522833636918200e-03 -2.9539056005590525e-01
2.3225127608877722e+14 1.6741529589275360e-03 -3.0696198512346962e-01
2.3256512916457288e+14 1.6966828892105929e-03 -3.1851129234261233e-01
2.3287898224036850e+14 1.7198841342591794e-03 -3.3002296212551679e-01
2.3319283531616416e+14 1.7437663674805975e-03 -3.4148233374026421e-01
2.3350668839195981e+14 1.7683380232664467e-03 -3.5287566619615779e-01
2.3382054146775544e+14 1.7936063793660636e-03 -3.6419018455750851e-01
2.3413439454355109e+14 1.8195776522796400e-03 -3.7541411143401077e-01
2.3444824761934675e+14 1.8462571034463496e-03 -3.8653668378599854e-01
2.3476210069514238e+14 1.8736491538387837e-03 -3.9754815551825345e-01
2.3507595377093803e+14 1.9017575045218030e-03 -4.0843978664802266e-01
2.3538980684673369e+14 1.9305852606605741e-03 -4.1920382006236173e-01
2.3570365992252931e+14 1.9601350565239149e-03 -4.2983344713894417e-01
2.3601751299832497e+14 1.9904091791127466e-03 -4.4032276360471490e-01
2.3633136607412062e+14 2.0214096881183241e-03 -4.5066671717381057e-01
2.3664521914991625e+14 2.0531385301449040e-03 -4.6086104851844634e-01
2.3695907222571191e+14 2.0855976452575685e-03 -4.7090222718128105e-01
2.3727292530150756e+14 2.1187890641902606e-03 -4.8078738398350135e-01
2.3758677837730319e+14 2.1527149947576825e-03 -4.9051424146033845e-01
2.3790063145309884e+14 2.1873778962793809e-03 -5.0008104373356044e-01
2.3821448452889450e+14 2.2227805411024018e-03 -5.0948648715540423e-01
2.3852833760469012e+14 2.2589260625541117e-03 -5.1872965290356554e-01
2.3884219068048578e+14 2.2958179889511583e-03 -5.2780994259180714e-01
2.3915604375628144e+14 2.3334602635384336e-03 -5.3672701778984788e-01
2.3946989683207706e+14 2.3718572504962780e-03 -5.4548074421940285e-01
2.3978374990787272e+14 2.4110137274064203e-03 -5.5407114121127832e-01
2.4009760298366834e+14 2.4509348647674925e-03 -5.6249833688718476e-01
2.4041145605946400e+14 2.4916261934261191e-03 -5.7076252936447547e-01
2.4072530913525962e+14 2.5330935608924320e-03 -5.7886395414744896e-01
2.4103916221105528e+14 2.5753430777825403e-03 -5.8680285774238217e-01
2.4135301528685094e+14 2.6183810556811931e-03 -5.9457947741064143e-01
2.4166686836264656e+14 2.6622139379093614e-03 -6.0219402686210743e-01
2.4198072143844222e+14 2.7068482247450815e-03 -6.0964668759176421e-01
2.4229457451423788e+14 2.7522903946917252e-03 -6.1693760549149657e-01
2.4260842759003350e+14 2.7985468234811611e-03 -6.2406689226971568e-01
2.4292228066582916e+14 2.8456237024396505e-03 -6.3103463118029823e-01
2.4323613374162481e+14 2.8935269578894396e-03 -6.3784088649998694e-01
2.4354998681742044e+14 2.9422621731324803e-03 -6.4448571616012973e-01
2.4386383989321609e+14 2.9918345145955871e-03 -6.5096918693804706e-01
2.4417769296901175e+14 3.0422486635021651e-03 -6.5729139157202843e-01
2.4449154604480738e+14 3.0935087543941201e-03 -6.6345246721403006e-01
2.4480539912060303e+14 3.1456183216620891e-03 -6.6945261460332584e-01
2.4511925219639869e+14 3.1985802550761060e-03 -6.7529211740698247e-01
2.4543310527219431e+14 3.2523967651494927e-03 -6.8097136119363211e-01
2.4574695834798997e+14 3.3070693589809463e-03 -6.8649085154373690e-01
2.4606081142378562e+14 3.3625988270303280e-03 -6.9185123086560685e-01
2.4637466449958125e+14 3.4189852411061535e-03 -6.9705329352161849e-01
2.4668851757537691e+14 3.4762279636100998e-03 -7.0209799894836733e-01
2.4700237065117253e+14 3.5343256679514958e-03 -7.0698648249175544e-01
2.4731622372696819e+14 3.5932763698069002e-03 -7.1172006375749008e-01
2.4763007680276381e+14 3.6530774687697676e-03 -7.1630025233266681e-01
2.4794392987855947e+14 3.7137257997192003e-03 -7.2072875077900445e-01
2.4825778295435512e+14 3.7752176931630907e-03 -7.2500745488725671e-01
2.4857163603015075e+14 3.8375490435937519e-03 -7.2913845119370146e-01
2.4888548910594641e+14 3.9007153848268747e-03 -7.3312401184691578e-01
2.4919934218174206e+14 3.9647119712099841e-03 -7.3696658692762296e-01
2.4951319525753769e+14 4.0295338634311218e-03 -7.4066879438876987e-01
2.4982704833333334e+14 4.0951760177011624e-03 -7.4423340778596048e-01
("port 1","mode 1",1,"port 2",1,"transmission")
(200, 3)
1.8737028625000000e+14 9.9098722458958599e-01 -1.9908052544162950e-02
1.8768413932579566e+14 9.9125532131352900e-01 3.7832979191419057e-02
1.8799799240159128e+14 9.9152005805365029e-01 9.5571174124098962e-02
1.8831184547738694e+14 9.9178133995662610e-01 1.5330639829063758e-01
1.8862569855318259e+14 9.9203907353815368e-01 2.1103853179907991e-01
1.8893955162897822e+14 9.9229316710643278e-01 2.6876746831658371e-01
1.8925340470477388e+14 9.9254353117079963e-01 3.2649311456322072e-01
1.8956725778056950e+14 9.9279007883379511e-01 3.8421538981326830e-01
1.8988111085636516e+14 9.9303272616479366e-01 4.4193422540490873e-01
1.9019496393216081e+14 9.9327139255352292e-01 4.9964956425928958e-01
1.9050881700795644e+14 9.9350600104180287e-01 5.5736136040928108e-01
1.9082267008375209e+14 9.9373647863198855e-01 6.1506957853861399e-01
1.9113652315954775e+14 9.9396275657072741e-01 6.7277419353109846e-01
1.9145037623534338e+14 9.9418477060679911e-01 7.3047519003010808e-01
1.9176422931113903e+14 9.9440246122199927e-01 7.8817256200806929e-01
1.9207808238693469e+14 9.9461577383421218e-01 8.4586631234514664e-01
1.9239193546273031e+14 9.9482465897204297e-01 9.0355645241702398e-01
1.9270578853852597e+14 9.9502907242061889e-01 9.6124300169071009e-01
1.9301964161432162e+14 9.9522897533834875e-01 1.0189259873276133e+00
1.9333349469011725e+14 9.9542433434474753e-01 1.0766054437932588e+00
1.9364734776591291e+14 9.9561512157959420e-01 1.1342814124723548e+00
1.9396120084170853e+14 9.9580131473396716e-01 1.1919539412886098e+00
1.9427505391750419e+14 9.9598289705391996e-01 1.2496230843282878e+00
1.9458890699329984e+14 9.9615985731777779e-01 1.3072889014664850e+00
1.9490276006909547e+14 9.9633218978822613e-01 1.3649514579956861e+00
1.9521661314489112e+14 9.9649989414058548e-01 1.4226108242554671e+00
1.9553046622068678e+14 9.9666297536878989e-01 1.4802670752630505e+00
1.9584431929648241e+14 9.9682144367078418e-01 1.5379202903440825e+00
1.9615817237227806e+14 9.9697531431513431e-01 1.5955705527633410e+00
1.9647202544807369e+14 9.9712460749079512e-01 1.6532179493550940e+00
1.9678587852386934e+14 9.9726934814201496e-01 1.7108625701532323e+00
1.9709973159966500e+14 9.9740956579043494e-01 1.7685045080210935e+00
1.9741358467546062e+14 9.9754529434647055e-01 1.8261438582814076e+00
1.9772743775125628e+14 9.9767657191201875e-01 1.8837807183468609e+00
1.9804129082705194e+14 9.9780344057655246e-01 1.9414151873517034e+00
1.9835514390284756e+14 9.9792594620862185e-01 1.9990473657853565e+00
1.9866899697864322e+14 9.9804413824461458e-01 2.0566773551289086e+00
1.9898285005443888e+14 9.9815806947669494e-01 2.1143052574953924e+00
1.9929670313023450e+14 9.9826779584150960e-01 2.1719311752753336e+00
1.9961055620603016e+14 9.9837337621135180e-01 2.2295552107884871e+00
1.9992440928182581e+14 9.9847487218908448e-01 2.2871774659433401e+00
2.0023826235762144e+14 9.9857234790818117e-01 2.3447980419058427e+00
2.0055211543341709e+14 9.9866586983887795e-01 2.4024170387785881e+00
2.0086596850921272e+14 9.9875550660139822e-01 2.4600345552922653e+00
2.0117982158500838e+14 9.9884132878693999e-01 2.5176506885105319e+00
2.0149367466080403e+14 9.9892340878693420e-01 2.5752655335500485e+00
2.0180752773659966e+14 9.9900182063094956e-01 2.6328791833170313e+00
2.0212138081239531e+14 9.9907663983336681e-01 2.6904917282615193e+00
2.0243523388819097e+14 9.9914794324883704e-01 2.7481032561508427e+00
2.0274908696398659e+14 9.9921580893629869e-01 2.8057138518633606e+00
2.0306294003978225e+14 9.9928031603125611e-01 2.8633235972035465e+00
2.0337679311557791e+14 9.9934154462580538e-01 2.9209325707392226e+00
2.0369064619137353e+14 9.9939957565583037e-01 2.9785408476618946e+00
2.0400449926716919e+14 9.9945449079460680e-01 3.0361484996706367e+00
2.0431835234296481e+14 9.9950637235205786e-01 3.0937555948799207e+00
2.0463220541876047e+14 9.9955530317875596e-01 3.1513621977517903e+00
2.0494605849455612e+14 9.9960136657373000e-01 3.2089683690522044e+00
2.0525991157035175e+14 9.9964464619513460e-01 3.2665741658316878e+00
2.0557376464614741e+14 9.9968522597279730e-01 3.3241796414297600e+00
2.0588761772194306e+14 9.9972319002166787e-01 3.3817848455026431e+00
2.0620147079773869e+14 9.9975862255523729e-01 3.4393898240738459e+00
2.0651532387353434e+14 9.9979160779803322e-01 3.4969946196063608e+00
2.0682917694933000e+14 9.9982222989633640e-01 3.5545992710958463e+00
2.0714303002512562e+14 9.9985057282638923e-01 3.6122038141834372e+00
2.0745688310092128e+14 9.9987672029941466e-01 3.6698082812869584e+00
2.0777073617671694e+14 9.9990075566287862e-01 3.7274127017492091e+00
2.0808458925251256e+14 9.9992276179756512e-01 3.7850171020016221e+00
2.0839844232830822e+14 9.9994282101013376e-01 3.8426215057420716e+00
2.0871229540410384e+14 9.9996101492094835e-01 3.9002259341247605e+00
2.0902614847989950e+14 9.9997742434714232e-01 3.9578304059608507e+00
2.0934000155569516e+14 9.9999212918095171e-01 4.0154349379279406e+00
2.0965385463149078e+14 1.0000052082635578e+00 4.0730395447867078e+00
2.0996770770728644e+14 1.0000167392547374e+00 4.1306442396030736e+00
2.1028156078308209e+14 1.0000267984988027e+00 4.1882490339740679e+00
2.1059541385887772e+14 1.0000354608873758e+00 4.2458539382558911e+00
2.1090926693467338e+14 1.0000427997197359e+00 4.3034589617926793e+00
2.1122312001046900e+14 1.0000488865614425e+00 4.3610641131441747e+00
2.1153697308626466e+14 1.0000537911021836e+00 4.4186694003113161e+00
2.1185082616206031e+14 1.0000575810137402e+00 4.4762748309580651e+00
2.1216467923785594e+14 1.0000603218090800e+00 4.5338804126286929e+00
2.1247853231365159e+14 1.0000620767036461e+00 4.5914861529590549e+00
2.1279238538944725e+14 1.0000629064798858e+00 4.6490920598812515e+00
2.1310623846524288e+14 1.0000628693561264e+00 4.7066981418207829e+00
2.1342009154103853e+14 1.0000620208608868e+00 4.7643044078853922e+00
2.1373394461683419e+14 1.0000604137136695e+00 4.8219108680453537e+00
2.1404779769262981e+14 1.0000580977132714e+00 4.8795175333044680e+00
2.1436165076842547e+14 1.0000551196346181e+00 4.9371244158618532e+00
2.1467550384422112e+14 1.0000515231350096e+00 4.9947315292641328e+00
2.1498935692001675e+14 1.0000473486706345e+00 5.0523388885480056e+00
2.1530320999581241e+14 1.0000426334241224e+00 5.1099465103734989e+00
2.1561706307160806e+14 1.0000374112437744e+00 5.1675544131477880e+00
2.1593091614740369e+14 1.0000317125950486e+00 5.2251626171400174e+00
2.1624476922319934e+14 1.0000255645247373e+00 5.2827711445874765e+00
2.1655862229899497e+14 1.0000189906381503e+00 5.3403800197933222e+00
2.1687247537479062e+14 1.0000120110895481e+00 5.3979892692166400e+00
2.1718632845058628e+14 1.0000046425858784e+00 5.4555989215549170e+00
2.1750018152638191e+14 9.9999689840379946e-01 5.5132090078197633e+00
2.1781403460217756e+14 9.9998878841983818e-01 5.5708195614061928e+00
2.1812788767797322e+14 9.9998031915340724e-01 5.6284306181560462e+00
2.1844174075376884e+14 9.9997149382232531e-01 5.6860422164160251e+00
2.1875559382956450e+14 9.9996231241034061e-01 5.7436543970907721e+00
2.1906944690536012e+14 9.9995277174609432e-01 5.8012672036914958e+00
2.1938329998115578e+14 9.9994286559288037e-01 5.8588806823803736e+00
2.1969715305695144e+14 9.9993258474845759e-01 5.9164948820112038e+00
2.2001100613274706e+14 9.9992191715412848e-01 5.9741098541664535e+00
2.2032485920854272e+14 9.9991084801224595e-01 6.0317256531909349e+00
2.2063871228433838e+14 9.9989935991127554e-01 6.0893423362222512e+00
2.2095256536013400e+14 9.9988743295750138e-01 6.1469599632179150e+00
2.2126641843592966e+14 9.9987504491248180e-01 6.2045785969793883e+00
2.2158027151172531e+14 9.9986217133532862e-01 6.2621983031726201e+00
2.2189412458752094e+14 9.9984878572892555e-01 6.3198191503451175e+00
2.2220797766331659e+14 9.9983485968923003e-01 6.3774412099393771e+00
2.2252183073911225e+14 9.9982036305680577e-01 6.4350645563020228e+00
2.2283568381490788e+14 9.9980526406983805e-01 6.4926892666888225e+00
2.2314953689070353e+14 9.9978952951787481e-01 6.5503154212647923e+00
2.2346338996649919e+14 9.9977312489568859e-01 6.6079431030990472e+00
2.2377724304229481e+14 9.9975601455662877e-01 6.6655723981541923e+00
2.2409109611809047e+14 9.9973816186499798e-01 6.7232033952693966e+00
2.2440494919388609e+14 9.9971952934702091e-01 6.7808361861370425e+00
2.2471880226968175e+14 9.9970007884007328e-01 6.8384708652722583e+00
2.2503265534547741e+14 9.9967977163993105e-01 6.8961075299750743e+00
2.2534650842127303e+14 9.9965856864585767e-01 6.9537462802845562e+00
2.2566036149706869e+14 9.9963643050348983e-01 7.0113872189249431e+00
2.2597421457286431e+14 9.9961331774547590e-01 7.0690304512429831e+00
2.2628806764865997e+14 9.9958919092997667e-01 7.1266760851366806e+00
2.2660192072445562e+14 9.9956401077716284e-01 7.1843242309750348e+00
2.2691577380025125e+14 9.9953773830388537e-01 7.2419750015086528e+00
2.2722962687604691e+14 9.9951033495681585e-01 7.2996285117714281e+00
2.2754347995184256e+14 9.9948176274430789e-01 7.3572848789732346e+00
2.2785733302763819e+14 9.9945198436732829e-01 7.4149442223837125e+00
2.2817118610343384e+14 9.9942096334977482e-01 7.4726066632078414e+00
2.2848503917922950e+14 9.9938866416855898e-01 7.5302723244530920e+00
2.2879889225502512e+14 9.9935505238377753e-01 7.5879413307892394e+00
2.2911274533082078e+14 9.9932009476927930e-01 7.6456138084010714e+00
2.2942659840661644e+14 9.9928375944397385e-01 7.7032898848346854e+00
2.2974045148241206e+14 9.9924601600408502e-01 7.7609696888384327e+00
2.3005430455820772e+14 9.9920683565659352e-01 7.8186533501989866e+00
2.3036815763400338e+14 9.9916619135399209e-01 7.8763409995738156e+00
2.3068201070979900e+14 9.9912405793040948e-01 7.9340327683208418e+00
2.3099586378559466e+14 9.9908041223915933e-01 7.9917287883264878e+00
2.3130971686139031e+14 9.9903523329152821e-01 8.0494291918331307e+00
2.3162356993718594e+14 9.9898850239672288e-01 8.1071341112671824e+00
2.3193742301298159e+14 9.9894020330259037e-01 8.1648436790689161e+00
2.3225127608877722e+14 9.9889032233683617e-01 8.2225580275251531e+00
2.3256512916457288e+14 9.9883884854818650e-01 8.2802772886062002e+00
2.3287898224036850e+14 9.9878577384696465e-01 8.3380015938078262e+00
2.3319283531616416e+14 9.9873109314438246e-01 8.3957310739996949e+00
2.3350668839195981e+14 9.9867480448981349e-01 8.4534658592811756e+00
2.3382054146775544e+14 9.9861690920516422e-01 8.5112060788454187e+00
2.3413439454355109e+14 9.9855741201544690e-01 8.5689518608529021e+00
2.3444824761934675e+14 9.9849632117452725e-01 8.6267033323149001e+00
2.3476210069514238e+14 9.9843364858501049e-01 8.6844606189878544e+00
2.3507595377093803e+14 9.9836940991113421e-01 8.7422238452792982e+00
2.3538980684673369e+14 9.9830362468354206e-01 8.7999931341654207e+00
2.3570365992252931e+14 9.9823631639474952e-01 8.8577686071212440e+00
2.3601751299832497e+14 9.9816751258414826e-01 8.9155503840631063e+00
2.3633136607412062e+14 9.9809724491133411e-01 8.9733385833037982e+00
2.3664521914991625e+14 9.9802554921665720e-01 9.0311333215203842e+00
2.3695907222571191e+14 9.9795246556783579e-01 9.0889347137342540e+00
2.3727292530150756e+14 9.9787803829158039e-01 9.1467428733033174e+00
2.3758677837730319e+14 9.9780231598925739e-01 9.2045579119257930e+00
2.3790063145309884e+14 9.9772535153560349e-01 9.2623799396550179e+00
2.3821448452889450e+14 9.9764720205975144e-01 9.3202090649245140e+00
2.3852833760469012e+14 9.9756792890779178e-01 9.3780453945825659e+00
2.3884219068048578e+14 9.9748759758631012e-01 9.4358890339353270e+00
2.3915604375628144e+14 9.9740627768638845e-01 9.4937400867973700e+00
2.3946989683207706e+14 9.9732404278782349e-01 9.5515986555486840e+00
2.3978374990787272e+14 9.9724097034331238e-01 9.6094648411968056e+00
2.4009760298366834e+14 9.9715714154262447e-01 9.6673387434429277e+00
2.4041145605946400e+14 9.9707264115689209e-01 9.7252204607507267e+00
2.4072530913525962e+14 9.9698755736331990e-01 9.7831100904163613e+00
2.4103916221105528e+14 9.9690198155078824e-01 9.8410077286388002e+00
2.4135301528685094e+14 9.9681600810695681e-01 9.8989134705885746e+00
2.4166686836264656e+14 9.9672973418768929e-01 9.9568274104741707e+00
2.4198072143844222e+14 9.9664325946971666e-01 1.0014749641604638e+01
2.4229457451423788e+14 9.9655668588764701e-01 1.0072680256446979e+01
2.4260842759003350e+14 9.9647011735655144e-01 1.0130619346677724e+01
2.4292228066582916e+14 9.9638365948149565e-01 1.0188567003227110e+01
2.4323613374162481e+14 9.9629741925550264e-01 1.0246523316315308e+01
2.4354998681742044e+14 9.9621150474752973e-01 1.0304488375479647e+01
2.4386383989321609e+14 9.9612602478216583e-01 1.0362462269592262e+01
2.4417769296901175e+14 9.9604108861280449e-01 1.0420445086867474e+01
2.4449154604480738e+14 9.9595680559010102e-01 1.0478436914858500e+01
2.4480539912060303e+14 9.9587328482764514e-01 1.0536437840443220e+01
2.4511925219639869e+14 9.9579063486667019e-01 1.0594447949798752e+01
2.4543310527219431e+14 9.9570896334179571e-01 1.0652467328364846e+01
2.4574695834798997e+14 9.9562837664966009e-01 1.0710496060796356e+01
2.4606081142378562e+14 9.9554897962235367e-01 1.0768534230904796e+01
2.4637466449958125e+14 9.9547087520749189e-01 1.0826581921589662e+01
2.4668851757537691e+14 9.9539416415674242e-01 1.0884639214759918e+01
2.4700237065117253e+14 9.9531894472448401e-01 1.0942706191246426e+01
2.4731622372696819e+14 9.9524531237828318e-01 1.1000782930705993e+01
2.4763007680276381e+14 9.9517335952271113e-01 1.1058869511518104e+01
2.4794392987855947e+14 9.9510317523788283e-01 1.1116966010675373e+01
2.4825778295435512e+14 9.9503484503409689e-01 1.1175072503668519e+01
2.4857163603015075e+14 9.9496845062369232e-01 1.1233189064367586e+01
2.4888548910594641e+14 9.9490406971116374e-01 1.1291315764900144e+01
2.4919934218174206e+14 9.9484177580242872e-01 1.1349452675528028e+01
2.4951319525753769e+14 9.9478163803398101e-01 1.1407599864524029e+01
2.4982704833333334e+14 9.9472372102250506e-01 1.1465757398049607e+01
("port 2","mode 1",1,"port 1",1,"transmission")
(200, 3)
1.8737028625000000e+14 9.8790136760223424e-01 -2.0665316561448908e-02
1.8768413932579566e+14 9.8822721368801347e-01 3.7087615047564131e-02
1.8799799240159128e+14 9.8854930873252078e-01 9.4837908522426670e-02
1.8831184547738694e+14 9.8886755035502005e-01 1.5258542414598208e-01
1.8862569855318259e+14 9.8918183685895522e-01 2.1033003527184579e-01
1.8893955162897822e+14 9.8949206772373122e-01 2.6807162781647026e-01
1.8925340470477388e+14 9.8979814408573108e-01 3.2581009976293146e-01
1.8956725778056950e+14 9.9009996920614829e-01 3.8354536067815748e-01
1.8988111085636516e+14 9.9039744892301962e-01 4.4127733124468027e-01
1.9019496393216081e+14 9.9069049208504179e-01 4.9900594280793886e-01
1.9050881700795644e+14 9.9097901096472185e-01 5.5673113693945386e-01
1.9082267008375209e+14 9.9126292164859575e-01 6.1445286501647645e-01
1.9113652315954775e+14 9.9154214440236621e-01 6.7217108781764900e-01
1.9145037623534338e+14 9.9181660400899518e-01 7.2988577513462694e-01
1.9176422931113903e+14 9.9208623007801888e-01 7.8759690539909399e-01
1.9207808238693469e+14 9.9235095732455392e-01 8.4530446532399861e-01
1.9239193546273031e+14 9.9261072581675669e-01 9.0300844955848480e-01
1.9270578853852597e+14 9.9286548119077400e-01 9.6070886035496883e-01
1.9301964161432162e+14 9.9311517483245937e-01 1.0184057072470918e+00
1.9333349469011725e+14 9.9335976402552506e-01 1.0760990067373664e+00
1.9364734776591291e+14 9.9359921206600377e-01 1.1337887819926429e+00
1.9396120084170853e+14 9.9383348834325402e-01 1.1914750625462041e+00
1.9427505391750419e+14 9.9406256838802554e-01 1.2491578840048567e+00
1.9458890699329984e+14 9.9428643388837945e-01 1.3068372877594039e+00
1.9490276006909547e+14 9.9450507267453903e-01 1.3645133206974440e+00
1.9521661314489112e+14 9.9471847867400331e-01 1.4221860349167763e+00
1.9553046622068678e+14 9.9492665183847073e-01 1.4798554874385443e+00
1.9584431929648241e+14 9.9512959804435930e-01 1.5375217399189509e+00
1.9615817237227806e+14 9.9532732896885900e-01 1.5951848583587347e+00
1.9647202544807369e+14 9.9551986194362641e-01 1.6528449128096638e+00
1.9678587852386934e+14 9.9570721978834675e-01 1.7105019770777337e+00
1.9709973159966500e+14 9.9588943062646773e-01 1.7681561284226095e+00
1.9741358467546062e+14 9.9606652768549941e-01 1.8258074472533969e+00
1.9772743775125628e+14 9.9623854908423504e-01 1.8834560168209651e+00
1.9804129082705194e+14 9.9640553760929884e-01 1.9411019229069968e+00
1.9835514390284756e+14 9.9656754048339113e-01 1.9987452535105479e+00
1.9866899697864322e+14 9.9672460912742666e-01 2.0563860985328595e+00
1.9898285005443888e+14 9.9687679891885783e-01 2.1140245494612295e+00
1.9929670313023450e+14 9.9702416894810741e-01 2.1716606990533891e+00
1.9961055620603016e+14 9.9716678177513762e-01 2.2292946410232921e+00
1.9992440928182581e+14 9.9730470318778608e-01 2.2869264697299410e+00
2.0023826235762144e+14 9.9743800196352839e-01 2.3445562798707598e+00
2.0055211543341709e+14 9.9756674963591774e-01 2.4021841661808536e+00
2.0086596850921272e+14 9.9769102026695411e-01 2.4598102231400754e+00
2.0117982158500838e+14 9.9781089022625336e-01 2.5174345446892086e+00
2.0149367466080403e+14 9.9792643797775971e-01 2.5750572239571374e+00
2.0180752773659966e+14 9.9803774387451638e-01 2.6326783530005389e+00
2.0212138081239531e+14 9.9814488996177997e-01 2.6902980225574473e+00
2.0243523388819097e+14 9.9824795978858427e-01 2.7479163218163478e+00
2.0274908696398659e+14 9.9834703822763893e-01 2.8055333382020144e+00
2.0306294003978225e+14 9.9844221130331856e-01 2.8631491571793304e+00
2.0337679311557791e+14 9.9853356602727039e-01 2.9207638620760168e+00
2.0369064619137353e+14 9.9862119024111429e-01 2.9783775339253413e+00
2.0400449926716919e+14 9.9870517246547375e-01 3.0359902513293680e+00
2.0431835234296481e+14 9.9878560175460174e-01 3.0936020903431971e+00
2.0463220541876047e+14 9.9886256755570257e-01 3.1512131243806860e+00
2.0494605849455612e+14 9.9893615957202742e-01 3.2088234241414857e+00
2.0525991157035175e+14 9.9900646762879419e-01 3.2664330575595626e+00
2.0557376464614741e+14 9.9907358154100245e-01 3.3240420897726688e+00
2.0588761772194306e+14 9.9913759098218746e-01 3.3816505831122403e+00
2.0620147079773869e+14 9.9919858535324069e-01 3.4392585971132816e+00
2.0651532387353434e+14 9.9925665365049332e-01 3.4968661885429251e+00
2.0682917694933000e+14 9.9931188433230245e-01 3.5544734114469718e+00
2.0714303002512562e+14 9.9936436518354466e-01 3.6120803172130032e+00
2.0745688310092128e+14 9.9941418317749464e-01 3.6696869546487565e+00
2.0777073617671694e+14 9.9946142433471719e-01 3.7272933700743813e+00
2.0808458925251256e+14 9.9950617357875404e-01 3.7848996074268122e+00
2.0839844232830822e+14 9.9954851458853722e-01 3.8425057083750063e+00
2.0871229540410384e+14 9.9958852964758504e-01 3.9001117124439353e+00
2.0902614847989950e+14 9.9962629949027426e-01 3.9577176571460000e+00
2.0934000155569516e+14 9.9966190314553960e-01 4.0153235781180037e+00
2.0965385463149078e+14 9.9969541777861115e-01 4.0729295092620488e+00
2.0996770770728644e+14 9.9972691853145823e-01 4.1305354828888081e+00
2.1028156078308209e+14 9.9975647836282022e-01 4.1881415298615039e+00
2.1059541385887772e+14 9.9978416788878022e-01 4.2457476797392211e+00
2.1090926693467338e+14 9.9981005522500743e-01 4.3033539609183409e+00
2.1122312001046900e+14 9.9983420583180782e-01 4.3609604007705078e+00
2.1153697308626466e+14 9.9985668236331349e-01 4.4185670257765066e+00
2.1185082616206031e+14 9.9987754452210509e-01 4.4761738616547051e+00
2.1216467923785594e+14 9.9989684892064412e-01 4.5337809334837065e+00
2.1247853231365159e+14 9.9991464895093163e-01 4.5913882658182112e+00
2.1279238538944725e+14 9.9993099466374935e-01 4.6489958827979674e+00
2.1310623846524288e+14 9.9994593265887133e-01 4.7066038082495085e+00
2.1342009154103853e+14 9.9995950598756189e-01 4.7642120657804234e+00
2.1373394461683419e+14 9.9997175406859495e-01 4.8218206788665592e+00
2.1404779769262981e+14 9.9998271261894811e-01 4.8794296709320761e+00
2.1436165076842547e+14 9.9999241360027080e-01 4.9370390654231233e+00
2.1467550384422112e+14 1.0000008851819864e+00 4.9946488858754243e+00
2.1498935692001675e+14 1.0000081517218524e+00 5.0522591559764853e+00
2.1530320999581241e+14 1.0000142337646003e+00 5.1098698996234448e+00
2.1561706307160806e+14 1.0000191480591016e+00 5.1674811409771451e+00
2.1593091614740369e+14 1.0000229075943488e+00 5.2250929045135912e+00
2.1624476922319934e+14 1.0000255216543512e+00 5.2827052150738227e+00
2.1655862229899497e+14 1.0000269958918309e+00 5.3403180979130580e+00
2.1687247537479062e+14 1.0000273324204640e+00 5.3979315787505433e+00
2.1718632845058628e+14 1.0000265299251652e+00 5.4555456838207395e+00
2.1750018152638191e+14 1.0000245837897688e+00 5.5131604399272645e+00
2.1781403460217756e+14 1.0000214862412544e+00 5.5707758745003524e+00
2.1812788767797322e+14 1.0000172265095080e+00 5.6283920156588492e+00
2.1844174075376884e+14 1.0000117910014426e+00 5.6860088922775676e+00
2.1875559382956450e+14 1.0000051634881528e+00 5.7436265340607120e+00
2.1906944690536012e+14 9.9999732530364660e-01 5.8012449716220660e+00
2.1938329998115578e+14 9.9998825555359228e-01 5.8588642365723027e+00
2.1969715305695144e+14 9.9997793133240553e-01 5.9164843616139047e+00
2.2001100613274706e+14 9.9996632794694251e-01 5.9741053806437900e+00
2.2032485920854272e+14 9.9995341914499292e-01 6.0317273288637061e+00
2.2063871228433838e+14 9.9993917734674975e-01 6.0893502428983117e+00
2.2095256536013400e+14 9.9992357387741138e-01 6.1469741609204789e+00
2.2126641843592966e+14 9.9990657919908543e-01 6.2045991227836641e+00
2.2158027151172531e+14 9.9988816314019335e-01 6.2622251701603879e+00
2.2189412458752094e+14 9.9986829512062780e-01 6.3198523466862486e+00
2.2220797766331659e+14 9.9984694437101740e-01 6.3774806981086281e+00
2.2252183073911225e+14 9.9982408014448254e-01 6.4351102724386440e+00
2.2283568381490788e+14 9.9979967191946895e-01 6.4927411201056993e+00
2.2314953689070353e+14 9.9977368959226709e-01 6.5503732941129247e+00
2.2346338996649919e+14 9.9974610365809435e-01 6.6080068501921989e+00
2.2377724304229481e+14 9.9971688537964665e-01 6.6656418469575476e+00
2.2409109611809047e+14 9.9968600694228227e-01 6.7232783460549612e+00
2.2440494919388609e+14 9.9965344159513991e-01 6.7809164123074757e+00
2.2471880226968175e+14 9.9961916377766868e-01 6.8385561138536506e+00
2.2503265534547741e+14 9.9958314923124991e-01 6.8961975222780829e+00
2.2534650842127303e+14 9.9954537509574715e-01 6.9538407127321324e+00
2.2566036149706869e+14 9.9950581999104460e-01 7.0114857640437496e+00
2.2597421457286431e+14 9.9946446408375211e-01 7.0691327588144572e+00
2.2628806764865997e+14 9.9942128913949124e-01 7.1267817835025724e+00
2.2660192072445562e+14 9.9937627856128952e-01 7.1844329284911685e+00
2.2691577380025125e+14 9.9932941741476944e-01 7.2420862881395847e+00
2.2722962687604691e+14 9.9928069244099471e-01 7.2997419608176832e+00
2.2754347995184256e+14 9.9923009205790359e-01 7.3574000489218347e+00
2.2785733302763819e+14 9.9917760635140684e-01 7.4150606588718047e+00
2.2817118610343384e+14 9.9912322705729173e-01 7.4727239010884077e+00
2.2848503917922950e+14 9.9906694753518566e-01 7.5303898899509711e+00
2.2879889225502512e+14 9.9900876273583761e-01 7.5880587437349769e+00
2.2911274533082078e+14 9.9894866916301728e-01 7.6457305845295558e+00
2.2942659840661644e+14 9.9888666483140598e-01 7.7034055381349642e+00
2.2974045148241206e+14 9.9882274922175629e-01 7.7610837339407244e+00
2.3005430455820772e+14 9.9875692323464593e-01 7.8187653047845167e+00
2.3036815763400338e+14 9.9868918914407667e-01 7.8764503867929125e+00
2.3068201070979900e+14 9.9861955055209839e-01 7.9341391192045325e+00
2.3099586378559466e+14 9.9854801234562618e-01 7.9918316441768100e+00
2.3130971686139031e+14 9.9847458065641614e-01 8.0495281065773927e+00
2.3162356993718594e+14 9.9839926282520786e-01 8.1072286537615312e+00
2.3193742301298159e+14 9.9832206737075535e-01 8.1649334353368026e+00
2.3225127608877722e+14 9.9824300396453225e-01 8.2226426029165669e+00
2.3256512916457288e+14 9.9816208341159107e-01 8.2803563098639437e+00
2.3287898224036850e+14 9.9807931763804669e-01 8.3380747110275504e+00
2.3319283531616416e+14 9.9799471968543463e-01 8.3957979624709829e+00
2.3350668839195981e+14 9.9790830371210915e-01 8.4535262211975404e+00
2.3382054146775544e+14 9.9782008500165253e-01 8.5112596448717781e+00
2.3413439454355109e+14 9.9773007997818097e-01 8.5689983915398429e+00
2.3444824761934675e+14 9.9763830622825389e-01 8.6267426193498071e+00
2.3476210069514238e+14 9.9754478252901602e-01 8.6844924862738555e+00
2.3507595377093803e+14 9.9744952888202376e-01 8.7422481498338591e+00
2.3538980684673369e+14 9.9735256655217686e-01 8.8000097668313551e+00
2.3570365992252931e+14 9.9725391811100084e-01 8.8577774930838711e+00
2.3601751299832497e+14 9.9715360748352644e-01 8.9155514831682687e+00
2.3633136607412062e+14 9.9705165999785583e-01 8.9733318901725205e+00
2.3664521914991625e+14 9.9694810243655230e-01 9.0311188654569285e+00
2.3695907222571191e+14 9.9684296308885922e-01 9.0889125584254202e+00
2.3727292530150756e+14 9.9673627180279756e-01 9.1467131163079038e+00
2.3758677837730319e+14 9.9662806003617588e-01 9.2045206839541649e+00
2.3790063145309884e+14 9.9651836090549062e-01 9.2623354036398240e+00
2.3821448452889450e+14 9.9640720923185344e-01 9.3201574148846600e+00
2.3852833760469012e+14 9.9629464158298109e-01 9.3779868542835718e+00
2.3884219068048578e+14 9.9618069631044182e-01 9.4358238553502733e+00
2.3915604375628144e+14 9.9606541358132028e-01 9.4936685483736589e+00
2.3946989683207706e+14 9.9594883540369017e-01 9.5515210602868272e+00
2.3978374990787272e+14 9.9583100564518356e-01 9.6093815145484704e+00
2.4009760298366834e+14 9.9571197004419643e-01 9.6672500310364047e+00
2.4041145605946400e+14 9.9559177621329198e-01 9.7251267259529453e+00
2.4072530913525962e+14 9.9547047363449725e-01 9.7830117117414623e+00
2.4103916221105528e+14 9.9534811364630071e-01 9.8409050970141596e+00
2.4135301528685094e+14 9.9522474942224282e-01 9.8988069864899995e+00
2.4166686836264656e+14 9.9510043594114783e-01 9.9567174809428138e+00
2.4198072143844222e+14 9.9497522994911103e-01 1.0014636677158883e+01
2.4229457451423788e+14 9.9484918991347782e-01 1.0072564667903338e+01
2.4260842759003350e+14 9.9472237596914936e-01 1.0130501541895388e+01
2.4292228066582916e+14 9.9459484985763402e-01 1.0188447383791473e+01
2.4323613374162481e+14 9.9446667485933915e-01 1.0246402274176315e+01
2.4354998681742044e+14 9.9433791571967323e-01 1.0304366289561376e+01
2.4386383989321609e+14 9.9420863856958430e-01 1.0362339502390553e+01
2.4417769296901175e+14 9.9407891084121269e-01 1.0420321981052904e+01
2.4449154604480738e+14 9.9394880117932649e-01 1.0478313789902270e+01
2.4480539912060303e+14 9.9381837934930894e-01 1.0536314989283824e+01
2.4511925219639869e+14 9.9368771614234908e-01 1.0594325635567502e+01
2.4543310527219431e+14 9.9355688327861469e-01 1.0652345781188473e+01
2.4574695834798997e+14 9.9342595330902250e-01 1.0710375474694928e+01
2.4606081142378562e+14 9.9329499951630207e-01 1.0768414760803218e+01
2.4637466449958125e+14 9.9316409581589138e-01 1.0826463680460851e+01
2.4668851757537691e+14 9.9303331665724803e-01 1.0884522270917657e+01
2.4700237065117253e+14 9.9290273692595576e-01 1.0942590565805503e+01
2.4731622372696819e+14 9.9277243184705388e-01 1.1000668595226941e+01
2.4763007680276381e+14 9.9264247688984630e-01 1.1058756385853352e+01
2.4794392987855947e+14 9.9251294767431941e-01 1.1116853961033069e+01
2.4825778295435512e+14 9.9238391987931462e-01 1.1174961340909613e+01
2.4857163603015075e+14 9.9225546915237661e-01 1.1233078542550983e+01
2.4888548910594641e+14 9.9212767102113819e-01 1.1291205580089887e+01
2.4919934218174206e+14 9.9200060080601005e-01 1.1349342464875502e+01
2.4951319525753769e+14 9.9187433353383514e-01 1.1407489205637070e+01
2.4982704833333334e+14 9.9174894385205603e-01 1.1465645808659271e+01
("port 2","mode 1",1,"port 2",1,"transmission")
(200, 3)
1.8737028625000000e+14 5.4026404659277931e-03 -2.7315511968090234e+00
1.8768413932579566e+14 5.2660872753357091e-03 -2.7265939001318769e+00
1.8799799240159128e+14 5.1315913395199994e-03 -2.7215880179121732e+00
1.8831184547738694e+14 4.9991328043409861e-03 -2.7165307722326193e+00
1.8862569855318259e+14 4.8686926938418798e-03 -2.7114191461883776e+00
1.8893955162897822e+14 4.7402528411029975e-03 -2.7062498475354770e+00
1.8925340470477388e+14 4.6137958135954683e-03 -2.7010192698836208e+00
1.8956725778056950e+14 4.4893048344296117e-03 -2.6957234513837638e+00
1.8988111085636516e+14 4.3667637009468597e-03 -2.6903580308384578e+00
1.9019496393216081e+14 4.2461567021064312e-03 -2.6849182011179775e+00
1.9050881700795644e+14 4.1274685361749035e-03 -2.6793986597397250e+00
1.9082267008375209e+14 4.0106842301766855e-03 -2.6737935563957107e+00
1.9113652315954775e+14 3.8957890625791317e-03 -2.6680964371750351e+00
1.9145037623534338e+14 3.7827684906107657e-03 -2.6623001851323616e+00
1.9176422931113903e+14 3.6716080835819797e-03 -2.6563969567837686e+00
1.9207808238693469e+14 3.5622934634692029e-03 -2.6503781139942197e+00
1.9239193546273031e+14 3.4548102539827654e-03 -2.6442341506161471e+00
1.9270578853852597e+14 3.3491440392152609e-03 -2.6379546130835911e+00
1.9301964161432162e+14 3.2452803328738146e-03 -2.6315280140109385e+00
1.9333349469011725e+14 3.1432045589984666e-03 -2.6249417376524340e+00
1.9364734776591291e+14 3.0429020449769428e-03 -2.6181819358540688e+00
1.9396120084170853e+14 2.9443580275391986e-03 -2.6112334128693453e+00
1.9427505391750419e+14 2.8475576723589508e-03 -2.6040794971135246e+00
1.9458890699329984e+14 2.7524861077761848e-03 -2.5967018975588703e+00
1.9490276006909547e+14 2.6591284731391149e-03 -2.5890805420835097e+00
1.9521661314489112e+14 2.5674699821824258e-03 -2.5811933945794454e+00
1.9553046622068678e+14 2.4774960018985469e-03 -2.5730162470607691e+00
1.9584431929648241e+14 2.3891921473689045e-03 -2.5645224823489672e+00
1.9615817237227806e+14 2.3025443931286812e-03 -2.5556828021077820e+00
1.9647202544807369e+14 2.2175392017596916e-03 -2.5464649140841717e+00
1.9678587852386934e+14 2.1341636706577395e-03 -2.5368331713007892e+00
1.9709973159966500e+14 2.0524056981854341e-03 -2.5267481546549879e+00
1.9741358467546062e+14 1.9722541708552714e-03 -2.5161661888602338e+00
1.9772743775125628e+14 1.8936991737013994e-03 -2.5050387798702434e+00
1.9804129082705194e+14 1.8167322266947790e-03 -2.4933119598405460e+00
1.9835514390284756e+14 1.7413465508773639e-03 -2.4809255232693608e+00
1.9866899697864322e+14 1.6675373690127498e-03 -2.4678121351885718e+00
1.9898285005443888e+14 1.5953022468354703e-03 -2.4538962891658898e+00
1.9929670313023450e+14 1.5246414826552506e-03 -2.4390930895072298e+00
1.9961055620603016e+14 1.4555585550424545e-03 -2.4233068285165684e+00
1.9992440928182581e+14 1.3880606407807425e-03 -2.4064293263283756e+00
2.0023826235762144e+14 1.3221592181624324e-03 -2.3883379982233950e+00
2.0055211543341709e+14 1.2578707741399402e-03 -2.3688936134211849e+00
2.0086596850921272e+14 1.1952176378050576e-03 -2.3479377118231675e+00
2.0117982158500838e+14 1.1342289670403626e-03 -2.3252896537915611e+00
2.0149367466080403e+14 1.0749419197310271e-03 -2.3007432971641628e+00
2.0180752773659966e+14 1.0174030450259329e-03 -2.2740633325035633e+00
2.0212138081239531e+14 9.6166993267145673e-04 -2.2449813727539230e+00
2.0243523388819097e+14 9.0781315730540312e-04 -2.2131920037152102e+00
2.0274908696398659e+14 8.5591854612798919e-04 -2.1783491806893767e+00
2.0306294003978225e+14 8.0608977655508799e-04 -2.1400636372103308e+00
2.0337679311557791e+14 7.5845126557371183e-04 -2.0979023943598207e+00
2.0369064619137353e+14 7.1315123020127328e-04 -2.0513920646323971e+00
2.0400449926716919e+14 6.7036465882335666e-04 -2.0000284505424788e+00
2.0431835234296481e+14 6.3029571316904510e-04 -1.9432958885298675e+00
2.0463220541876047e+14 5.9317876228999488e-04 -1.8807006529475085e+00
2.0494605849455612e+14 5.5927684147000678e-04 -1.8118229597259958e+00
2.0525991157035175e+14 5.2887590582520428e-04 -1.7363906698071869e+00
2.0557376464614741e+14 5.0227300942871857e-04 -1.6543732417983736e+00
2.0588761772194306e+14 4.7975684771265725e-04 -1.5660855983018040e+00
2.0620147079773869e+14 4.6158040795663360e-04 -1.4722790070931948e+00
2.0651532387353434e+14 4.4792802586354416e-04 -1.3741846311240726e+00
2.0682917694933000e+14 4.3888246200225777e-04 -1.2734744778427658e+00
2.0714303002512562e+14 4.3440013664417047e-04 -1.1721230672680936e+00
2.0745688310092128e+14 4.3430233988662537e-04 -1.0721895303376152e+00
2.0777073617671694e+14 4.3828614678055464e-04 -9.7557589722284721e-01
2.0808458925251256e+14 4.4595249615978492e-04 -8.8382905745041973e-01
2.0839844232830822e+14 4.5684377446133584e-04 -7.9803268411863670e-01
2.0871229540410384e+14 4.7048180804987091e-04 -7.1879658163176474e-01
2.0902614847989950e+14 4.8639933807419000e-04 -6.4631878269747189e-01
2.0934000155569516e+14 5.0416180899573383e-04 -5.8048364278627085e-01
2.0965385463149078e+14 5.2337957425067027e-04 -5.2096447972385829e-01
2.0996770770728644e+14 5.4371246253508674e-04 -4.6731191742008843e-01
2.1028156078308209e+14 5.6486915843387590e-04 -4.1902080559208488e-01
2.1059541385887772e+14 5.8660356984215436e-04 -3.7557608206104037e-01
2.1090926693467338e+14 6.0870978174910450e-04 -3.3648137796838135e-01
2.1122312001046900e+14 6.3101662908229719e-04 -3.0127495590373116e-01
2.1153697308626466e+14 6.5338247946899216e-04 -2.6953706494123481e-01
2.1185082616206031e+14 6.7569051656212300e-04 -2.4089186538251542e-01
2.1216467923785594e+14 6.9784463002811061e-04 -2.1500615597633818e-01
2.1247853231365159e+14 7.1976591513489639e-04 -1.9158639051193127e-01
2.1279238538944725e+14 7.4138973352189260e-04 -1.7037492499567164e-01
2.1310623846524288e+14 7.6266326609245125e-04 -1.5114606215761570e-01
2.1342009154103853e+14 7.8354348506894024e-04 -1.3370221460185033e-01
2.1373394461683419e+14 8.0399547681911290e-04 -1.1787035309327006e-01
2.1404779769262981e+14 8.2399105514351014e-04 -1.0349881224042637e-01
2.1436165076842547e+14 8.4350761372241117e-04 -9.0454470711028315e-02
2.1467550384422112e+14 8.6252717510287272e-04 -7.8620292750125137e-02
2.1498935692001675e+14 8.8103560124340116e-04 -6.7893202438456118e-02
2.1530320999581241e+14 8.9902193722554886e-04 -5.8182255745201056e-02
2.1561706307160806e+14 9.1647786517500213e-04 -4.9407074247338097e-02
2.1593091614740369e+14 9.3339724988431363e-04 -4.1496505905848274e-02
2.1624476922319934e+14 9.4977576119083468e-04 -3.4387481225324805e-02
2.1655862229899497e+14 9.6561056108573863e-04 -2.8024036546741720e-02
2.1687247537479062e+14 9.8090004574647718e-04 -2.2356479726795924e-02
2.1718632845058628e+14 9.9564363454637751e-04 -1.7340676756026505e-02
2.1750018152638191e+14 1.0098415994731829e-03 -1.2937440886063587e-02
2.1781403460217756e+14 1.0234949295492475e-03 -9.1120084903661483e-03
2.1812788767797322e+14 1.0366052256712902e-03 -5.8335881942793485e-03
2.1844174075376884e+14 1.0491746220180672e-03 -3.0749718285991955e-03
2.1875559382956450e+14 1.0612057306779168e-03 -8.1219745434135899e-04
2.1906944690536012e+14 1.0727016065704344e-03 9.7574384198185820e-04
2.1938329998115578e+14 1.0836657300571091e-03 2.3071644014196428e-03
2.1969715305695144e+14 1.0941020048997208e-03 3.1979057274355892e-03
2.2001100613274706e+14 1.1040147694169221e-03 3.6615385737847408e-03
2.2032485920854272e+14 1.1134088188238338e-03 3.7095417427619490e-03
2.2063871228433838e+14 1.1222894369250112e-03 3.3514632863554700e-03
2.2095256536013400e+14 1.1306624353840042e-03 2.5950672506968859e-03
2.2126641843592966e+14 1.1385341989204696e-03 1.4464686457361367e-03
2.2158027151172531e+14 1.1459117348403857e-03 -8.9741086532198053e-05
2.2189412458752094e+14 1.1528027254318293e-03 -2.0103761784091042e-03
2.2220797766331659e+14 1.1592155817864564e-03 -4.3135445681808694e-03
2.2252183073911225e+14 1.1651594977029078e-03 -6.9985404996240038e-03
2.2283568381490788e+14 1.1706445024304659e-03 -1.0065740494105578e-02
2.2314953689070353e+14 1.1756815110482211e-03 -1.3516501755160353e-02
2.2346338996649919e+14 1.1802823714087184e-03 -1.7353062183904297e-02
2.2377724304229481e+14 1.1844599066238185e-03 -2.1578441355769820e-02
2.2409109611809047e+14 1.1882279521998446e-03 -2.6196341943034187e-02
2.2440494919388609e+14 1.1916013870021463e-03 -3.1211051178327454e-02
2.2471880226968175e+14 1.1945961573500881e-03 -3.6627342064775151e-02
2.2503265534547741e+14 1.1972292936394326e-03 -4.2450374159367039e-02
2.2534650842127303e+14 1.1995189190157926e-03 -4.8685593827691907e-02
2.2566036149706869e+14 1.2014842497235251e-03 -5.5338633988612246e-02
2.2597421457286431e+14 1.2031455868821109e-03 -6.2415213433201201e-02
2.2628806764865997e+14 1.2045242995643380e-03 -6.9921035920609359e-02
2.2660192072445562e+14 1.2056427991783394e-03 -7.7861689303678538e-02
2.2691577380025125e+14 1.2065245052630339e-03 -8.6242545060400563e-02
2.2722962687604691e+14 1.2071938029710051e-03 -9.5068658651454405e-02
2.2754347995184256e+14 1.2076759925843880e-03 -1.0434467122391354e-01
2.2785733302763819e+14 1.2079972315955380e-03 -1.1407471325664680e-01
2.2817118610343384e+14 1.2081844699491247e-03 -1.2426231076479045e-01
2.2848503917922950e+14 1.2082653791903348e-03 -1.3491029478511793e-01
2.2879889225502512e+14 1.2082682763670590e-03 -1.4602071486874030e-01
2.2911274533082078e+14 1.2082220436103375e-03 -1.5759475733206024e-01
2.2942659840661644e+14 1.2081560444281445e-03 -1.6963266904089888e-01
2.2974045148241206e+14 1.2081000378001187e-03 -1.8213368747064007e-01
2.3005430455820772e+14 1.2080840912155409e-03 -1.9509597774805962e-01
2.3036815763400338e+14 1.2081384938108751e-03 -2.0851657734648854e-01
2.3068201070979900e+14 1.2082936708073639e-03 -2.2239134898105350e-01
2.3099586378559466e+14 1.2085801003690337e-03 -2.3671494219600234e-01
2.3130971686139031e+14 1.2090282340010861e-03 -2.5148076397275843e-01
2.3162356993718594e+14 1.2096684214983994e-03 -2.6668095857964103e-01
2.3193742301298159e+14 1.2105308413530602e-03 -2.8230639671462199e-01
2.3225127608877722e+14 1.2116454373994362e-03 -2.9834667383874069e-01
2.3256512916457288e+14 1.2130418622763868e-03 -3.1479011747444419e-01
2.3287898224036850e+14 1.2147494281362235e-03 -3.3162380303251404e-01
2.3319283531616416e+14 1.2167970647933592e-03 -3.4883357769527740e-01
2.3350668839195981e+14 1.2192132852595597e-03 -3.6640409166988869e-01
2.3382054146775544e+14 1.2220261584338274e-03 -3.8431883614902346e-01
2.3413439454355109e+14 1.2252632884213993e-03 -4.0256018720667280e-01
2.3444824761934675e+14 1.2289517997652007e-03 -4.2110945488163593e-01
2.3476210069514238e+14 1.2331183276381686e-03 -4.3994693673060858e-01
2.3507595377093803e+14 1.2377890118994100e-03 -4.5905197521867164e-01
2.3538980684673369e+14 1.2429894937148367e-03 -4.7840301837766919e-01
2.3570365992252931e+14 1.2487449133675892e-03 -4.9797768337348342e-01
2.3601751299832497e+14 1.2550799078373811e-03 -5.1775282268229783e-01
2.3633136607412062e+14 1.2620186066610356e-03 -5.3770459282970007e-01
2.3664521914991625e+14 1.2695846247138046e-03 -5.5780852572136641e-01
2.3695907222571191e+14 1.2778010505800498e-03 -5.7803960279746314e-01
2.3727292530150756e+14 1.2866904293980859e-03 -5.9837233230042464e-01
2.3758677837730319e+14 1.2962747392367335e-03 -6.1878083007562712e-01
2.3790063145309884e+14 1.3065753603277190e-03 -6.3923890429145447e-01
2.3821448452889450e+14 1.3176130367659718e-03 -6.5972014449059713e-01
2.3852833760469012e+14 1.3294078305955491e-03 -6.8019801525854950e-01
2.3884219068048578e+14 1.3419790685290462e-03 -7.0064595469746305e-01
2.3915604375628144e+14 1.3553452818672557e-03 -7.2103747767164916e-01
2.3946989683207706e+14 1.3695241405104121e-03 -7.4134628360835708e-01
2.3978374990787272e+14 1.3845323822288186e-03 -7.6154636833521649e-01
2.4009760298366834e+14 1.4003857386059872e-03 -7.8161213922215733e-01
2.4041145605946400e+14 1.4170988593154021e-03 -8.0151853259499173e-01
2.4072530913525962e+14 1.4346852364665323e-03 -8.2124113215298333e-01
2.4103916221105528e+14 1.4531571309465163e-03 -8.4075628691339399e-01
2.4135301528685094e+14 1.4725255026166934e-03 -8.6004122704007124e-01
2.4166686836264656e+14 1.4927999462726132e-03 -8.7907417579767988e-01
2.4198072143844222e+14 1.5139886351382963e-03 -8.9783445582428867e-01
2.4229457451423788e+14 1.5360982735230903e-03 -9.1630258797102726e-01
2.4260842759003350e+14 1.5591340601095356e-03 -9.3446038098946393e-01
2.4292228066582916e+14 1.5830996630587957e-03 -9.5229101056559606e-01
2.4323613374162481e+14 1.6079972079152017e-03 -9.6977908636148447e-01
2.4354998681742044e+14 1.6338272789292731e-03 -9.8691070599966180e-01
2.4386383989321609e+14 1.6605889342511204e-03 -1.0036734952206527e+00
2.4417769296901175e+14 1.6882797350117958e-03 -1.0200566337139827e+00
2.4449154604480738e+14 1.7168957881519853e-03 -1.0360508664940615e+00
2.4480539912060303e+14 1.7464318025212525e-03 -1.0516485009273120e+00
2.4511925219639869e+14 1.7768811575614482e-03 -1.0668433898603842e+00
2.4543310527219431e+14 1.8082359836737952e-03 -1.0816309015331353e+00
2.4574695834798997e+14 1.8404872531730993e-03 -1.0960078771741757e+00
2.4606081142378562e+14 1.8736248805990546e-03 -1.1099725773893527e+00
2.4637466449958125e+14 1.9076378310397700e-03 -1.1235246185539201e+00
2.4668851757537691e+14 1.9425142350126498e-03 -1.1366649005698766e+00
2.4700237065117253e+14 1.9782415084347795e-03 -1.1493955273463377e+00
2.4731622372696819e+14 2.0148064761489051e-03 -1.1617197214310875e+00
2.4763007680276381e+14 2.0521954975125643e-03 -1.1736417341809393e+00
2.4794392987855947e+14 2.0903945925134673e-03 -1.1851667528044674e+00
2.4825778295435512e+14 2.1293895670252074e-03 -1.1963008055795783e+00
2.4857163603015075e+14 2.1691661357459012e-03 -1.2070506664115201e+00
2.4888548910594641e+14 2.2097100415345841e-03 -1.2174237598464788e+00
2.4919934218174206e+14 2.2510071699137972e-03 -1.2274280674999971e+00
2.4951319525753769e+14 2.2930436575702706e-03 -1.2370720368006547e+00
2.4982704833333334e+14 2.3358059938328297e-03 -1.2463644927656907e+00
