["o0","LEFT"]
["o1","LEFT"]
("o0","mode 1",1,"o0",1,"transmission")
(200, 3)
1.8737028625000000e+14 4.0277665844647374e-03 -2.2620865135586432e+00
1.8768413932579566e+14 3.9348393885998111e-03 -2.2549370663653794e+00
1.8799799240159128e+14 3.8436692108132823e-03 -2.2476704363301532e+00
1.8831184547738694e+14 3.7542045930244986e-03 -2.2402654213296405e+00
1.8862569855318259e+14 3.6663897076322210e-03 -2.2327006812248462e+00
1.8893955162897822e+14 3.5801651721503263e-03 -2.2249549323631461e+00
1.8925340470477388e+14 3.4954689113664756e-03 -2.2170071350875906e+00
1.8956725778056950e+14 3.4122370509042164e-03 -2.2088366701656144e+00
1.8988111085636516e+14 3.3304048258087355e-03 -2.2004235003299195e+00
1.9019496393216081e+14 3.2499074879214461e-03 -2.1917483134793398e+00
1.9050881700795644e+14 3.1706811963697623e-03 -2.1827926445695138e+00
1.9082267008375209e+14 3.0926638764031534e-03 -2.1735389737040722e+00
1.9113652315954775e+14 3.0157960330312026e-03 -2.1639707985105363e+00
1.9145037623534338e+14 2.9400215074142869e-03 -2.1540726794064118e+00
1.9176422931113903e+14 2.8652881656526848e-03 -2.1438302569091618e+00
1.9207808238693469e+14 2.7915485114377602e-03 -2.1332302406141856e+00
1.9239193546273031e+14 2.7187602159544871e-03 -2.1222603699207094e+00
1.9270578853852597e+14 2.6468865603413842e-03 -2.1109093469303257e+00
1.9301964161432162e+14 2.5758967878974168e-03 -2.0991667422455684e+00
1.9333349469011725e+14 2.5057663650272671e-03 -2.0870228746122574e+00
1.9364734776591291e+14 2.4364771516148698e-03 -2.0744686654946225e+00
1.9396120084170853e+14 2.3680174830208647e-03 -2.0614954697518302e+00
1.9427505391750419e+14 2.3003821672922162e-03 -2.0480948836354589e+00
1.9458890699329984e+14 2.2335724023508914e-03 -2.0342585313007997e+00
1.9490276006909547e+14 2.1675956189369573e-03 -2.0199778310495260e+00
1.9521661314489112e+14 2.1024652559123828e-03 -2.0052437424930041e+00
1.9553046622068678e+14 2.0382004752128669e-03 -1.9900464958657638e+00
1.9584431929648241e+14 1.9748258242193650e-03 -1.9743753048305774e+00
1.9615817237227806e+14 1.9123708537180277e-03 -1.9582180642881772e+00
1.9647202544807369e+14 1.8508696998179553e-03 -1.9415610350505024e+00
1.9678587852386934e+14 1.7903606383609921e-03 -1.9243885177267384e+00
1.9709973159966500e+14 1.7308856203359087e-03 -1.9066825188863215e+00
1.9741358467546062e+14 1.6724897967472171e-03 -1.8884224135541958e+00
1.9772743775125628e+14 1.6152210411952419e-03 -1.8695846094018522e+00
1.9804129082705194e+14 1.5591294781643367e-03 -1.8501422196872901e+00
1.9835514390284756e+14 1.5042670245717857e-03 -1.8300647541471338e+00
1.9866899697864322e+14 1.4506869516543778e-03 -1.8093178396947751e+00
1.9898285005443888e+14 1.3984434735378234e-03 -1.7878629859885149e+00
1.9929670313023450e+14 1.3475913679525202e-03 -1.7656574147701929e+00
1.9961055620603016e+14 1.2981856334041014e-03 -1.7426539762717426e+00
1.9992440928182581e+14 1.2502811856727487e-03 -1.7188011809766437e+00
2.0023826235762144e+14 1.2039325946675299e-03 -1.6940433803910613e+00
2.0055211543341709e+14 1.1591938604332329e-03 -1.6683211359735370e+00
2.0086596850921272e+14 1.1161182243708302e-03 -1.6415718205476859e+00
2.0117982158500838e+14 1.0747580084792823e-03 -1.6137305006517748e+00
2.0149367466080403e+14 1.0351644717446779e-03 -1.5847311503146393e+00
2.0180752773659966e+14 9.9738766862905422e-04 -1.5545082453706776e+00
2.0212138081239531e+14 9.6147629037139680e-04 -1.5229987807464891e+00
2.0243523388819097e+14 9.2747746560458289e-04 -1.4901447392075056e+00
2.0274908696398659e+14 8.9543649335167949e-04 -1.4558960164516266e+00
2.0306294003978225e+14 8.6539647938549597e-04 -1.4202137723100829e+00
2.0337679311557791e+14 8.3739784717754386e-04 -1.3830741299080302e+00
2.0369064619137353e+14 8.1147769823169253e-04 -1.3444720846435370e+00
2.0400449926716919e+14 7.8766900448820187e-04 -1.3044254160089988e+00
2.0431835234296481e+14 7.6599962835182127e-04 -1.2629783248075426e+00
2.0463220541876047e+14 7.4649118388754360e-04 -1.2202044574303004e+00
2.0494605849455612e+14 7.2915777485783255e-04 -1.1762089426188131e+00
2.0525991157035175e+14 7.1400466953655062e-04 -1.1311290708764044e+00
2.0557376464614741e+14 7.0102699508734791e-04 -1.0851333066826017e+00
2.0588761772194306e+14 6.9020855157245057e-04 -1.0384184449945986e+00
2.0620147079773869e+14 6.8152085279643397e-04 -9.9120490061515121e-01
2.0651532387353434e+14 6.7492249487136481e-04 -9.4373033019561758e-01
2.0682917694933000e+14 6.7035893237657679e-04 -8.9624199791549997e-01
2.0714303002512562e+14 6.6776270810885922e-04 -8.4898846642589976e-01
2.0745688310092128e+14 6.6705414051960055e-04 -8.0221128852110557e-01
2.0777073617671694e+14 6.6814242977501922e-04 -7.5613737130393543e-01
2.0808458925251256e+14 6.7092710629173852e-04 -7.1097258451517198e-01
2.0839844232830822e+14 6.7529972024116106e-04 -6.6689701073254692e-01
2.0871229540410384e+14 6.8114565996961734e-04 -6.2406202422952284e-01
2.0902614847989950e+14 6.8834599129969070e-04 -5.8258917767582397e-01
2.0934000155569516e+14 6.9677922536798850e-04 -5.4257070479066094e-01
2.0965385463149078e+14 7.0632294560072869e-04 -5.0407133201810761e-01
2.0996770770728644e+14 7.1685524986226442e-04 -4.6713103805985140e-01
2.1028156078308209e+14 7.2825598778583395e-04 -4.3176839907077602e-01
2.1059541385887772e+14 7.4040779318357286e-04 -3.9798419539627500e-01
2.1090926693467338e+14 7.5319692588452815e-04 -3.6576501622857194e-01
2.1122312001046900e+14 7.6651394639362387e-04 -3.3508666733237474e-01
2.1153697308626466e+14 7.8025425092828594e-04 -3.0591725307210965e-01
2.1185082616206031e+14 7.9431849493467736e-04 -2.7821986084964856e-01
2.1216467923785594e+14 8.0861293107141658e-04 -2.5195482091007104e-01
2.1247853231365159e+14 8.2304968406605008e-04 -2.2708154681321124e-01
2.1279238538944725e+14 8.3754698052230852e-04 -2.0355998316441551e-01
2.1310623846524288e+14 8.5202934736821364e-04 -1.8135169942567192e-01
2.1342009154103853e+14 8.6642778844369663e-04 -1.6042067399683668e-01
2.1373394461683419e+14 8.8067994507664128e-04 -1.4073381338833035e-01
2.1404779769262981e+14 8.9473024336412979e-04 -1.2226124889542397e-01
2.1436165076842547e+14 9.0853002830375144e-04 -1.0497644893909289e-01
2.1467550384422112e+14 9.2203768291913022e-04 -8.8856180318592631e-02
2.1498935692001675e+14 9.3521872888699441e-04 -7.3880346529257540e-02
2.1530320999581241e+14 9.4804590401094120e-04 -6.0031726488496882e-02
2.1561706307160806e+14 9.6049921098288792e-04 -4.7295632829524370e-02
2.1593091614740369e+14 9.7256593127039088e-04 -3.5659505359987874e-02
2.1624476922319934e+14 9.8424059755282574e-04 -2.5112452533033184e-02
2.1655862229899497e+14 9.9552491798472233e-04 -1.5644751743266676e-02
2.1687247537479062e+14 1.0064276455437370e-03 -7.2473179744936738e-03
2.1718632845058628e+14 1.0169643859739724e-03 8.8850300724526584e-05
2.1750018152638191e+14 1.0271573382650396e-03 6.3732390642404360e-03
2.1781403460217756e+14 1.0370349623433372e-03 1.1616391125219387e-02
2.1812788767797322e+14 1.0466315696111487e-03 1.5830472574929064e-02
2.1844174075376884e+14 1.0559868333318485e-03 1.9029821719345981e-02
2.1875559382956450e+14 1.0651452174947279e-03 2.1231467532116608e-02
2.1906944690536012e+14 1.0741553248517341e-03 2.2455603319622108e-02
2.1938329998115578e+14 1.0830691671906228e-03 2.2726000138899700e-02
2.1969715305695144e+14 1.0919413636537006e-03 2.2070343916787319e-02
2.2001100613274706e+14 1.1008282758786106e-03 2.0520480137941194e-02
2.2032485920854272e+14 1.1097870918384237e-03 1.8112550899505152e-02
2.2063871228433838e+14 1.1188748734690427e-03 1.4887010989095201e-02
2.2095256536013400e+14 1.1281475860714322e-03 1.0888512653216196e-02
2.2126641843592966e+14 1.1376591301271613e-03 6.1656528468629311e-03
2.2158027151172531e+14 1.1474603981353414e-03 7.7058184676862603e-04
2.2189412458752094e+14 1.1575983803488045e-03 -5.2415220385933371e-03
2.2220797766331659e+14 1.1681153435014224e-03 -1.1813100664596057e-02
2.2252183073911225e+14 1.1790481058045973e-03 -1.8884969995586413e-02
2.2283568381490788e+14 1.1904274295637695e-03 -2.6397156933730456e-02
2.2314953689070353e+14 1.2022775496981566e-03 -3.4289791593264791e-02
2.2346338996649919e+14 1.2146158525163425e-03 -4.2504024346819977e-02
2.2377724304229481e+14 1.2274527143452479e-03 -5.0982935550276921e-02
2.2409109611809047e+14 1.2407915044984194e-03 -5.9672406274421066e-02
2.2440494919388609e+14 1.2546287517313408e-03 -6.8521920628492355e-02
2.2471880226968175e+14 1.2689544682320197e-03 -7.7485274125110970e-02
2.2503265534547741e+14 1.2837526205184430e-03 -8.6521167677886798e-02
2.2534650842127303e+14 1.2990017326715746e-03 -9.5593672704761226e-02
2.2566036149706869e+14 1.3146756042075507e-03 -1.0467255904654227e-01
2.2597421457286431e+14 1.3307441227365399e-03 -1.1373348341495483e-01
2.2628806764865997e+14 1.3471741503245168e-03 -1.2275804156205927e-01
2.2660192072445562e+14 1.3639304621013194e-03 -1.3173369189658402e-01
2.2691577380025125e+14 1.3809767160237970e-03 -1.4065356181805341e-01
2.2722962687604691e+14 1.3982764336925087e-03 -1.4951615038760457e-01
2.2754347995184256e+14 1.4157939734371690e-03 -1.5832494228756225e-01
2.2785733302763819e+14 1.4334954785852070e-03 -1.6708794837818119e-01
2.2817118610343384e+14 1.4513497854888853e-03 -1.7581718770739282e-01
2.2848503917922950e+14 1.4693292776324874e-03 -1.8452812489412629e-01
2.2879889225502512e+14 1.4874106737430243e-03 -1.9323907543289631e-01
2.2911274533082078e+14 1.5055757392415708e-03 -2.0197058997608350e-01
2.2942659840661644e+14 1.5238119116557452e-03 -2.1074482717504514e-01
2.2974045148241206e+14 1.5421128316649131e-03 -2.1958492331319016e-01
2.3005430455820772e+14 1.5604787723737109e-03 -2.2851436587298313e-01
2.3036815763400338e+14 1.5789169602058492e-03 -2.3755637741604699e-01
2.3068201070979900e+14 1.5974417816154746e-03 -2.4673331569672249e-01
2.3099586378559466e+14 1.6160748705655165e-03 -2.5606609584608453e-01
2.3130971686139031e+14 1.6348450726619583e-03 -2.6557364064934808e-01
2.3162356993718594e+14 1.6537882829013675e-03 -2.7527236539843020e-01
2.3193742301298159e+14 1.6729471553268401e-03 -2.8517570438411599e-01
2.3225127608877722e+14 1.6923706845391817e-03 -2.9529368675488088e-01
2.3256512916457288e+14 1.7121136609609500e-03 -3.0563257007678063e-01
2.3287898224036850e+14 1.7322360041314053e-03 -3.1619454027273824e-01
2.3319283531616416e+14 1.7528019809599095e-03 -3.2697748675750909e-01
2.3350668839195981e+14 1.7738793187978205e-03 -3.3797486112514769e-01
2.3382054146775544e+14 1.7955382263920190e-03 -3.4917562688628773e-01
2.3413439454355109e+14 1.8178503389294483e-03 -3.6056430616177781e-01
2.3444824761934675e+14 1.8408876065130826e-03 -3.7212112708065115e-01
2.3476210069514238e+14 1.8647211481969475e-03 -3.8382227285382975e-01
2.3507595377093803e+14 1.8894200960696524e-03 -3.9564023023105471e-01
2.3538980684673369e+14 1.9150504554428891e-03 -4.0754423142482521e-01
2.3570365992252931e+14 1.9416740080402740e-03 -4.1950077991396945e-01
2.3601751299832497e+14 1.9693472848679020e-03 -4.3147424690973685e-01
2.3633136607412062e+14 1.9981206341669251e-03 -4.4342752215522102e-01
2.3664521914991625e+14 2.0280374076157345e-03 -4.5532270017633275e-01
2.3695907222571191e+14 2.0591332846278971e-03 -4.6712178150979938e-01
2.3727292530150756e+14 2.0914357505708346e-03 -4.7878736778922781e-01
2.3758677837730319e+14 2.1249637400238088e-03 -4.9028333007282648e-01
2.3790063145309884e+14 2.1597274511864000e-03 -5.0157543127036175e-01
2.3821448452889450e+14 2.1957283324415592e-03 -5.1263188599899523e-01
2.3852833760469012e+14 2.2329592371740088e-03 -5.2342384433135847e-01
2.3884219068048578e+14 2.2714047384539654e-03 -5.3392578957569536e-01
2.3915604375628144e+14 2.3110415913398289e-03 -5.4411584406710012e-01
2.3946989683207706e+14 2.3518393274382298e-03 -5.5397598079465049e-01
2.3978374990787272e+14 2.3937609640610857e-03 -5.6349214219898514e-01
2.4009760298366834e+14 2.4367638088331118e-03 -5.7265427058511742e-01
2.4041145605946400e+14 2.4808003399524139e-03 -5.8145625706999016e-01
2.4072530913525962e+14 2.5258191422190069e-03 -5.8989581783309508e-01
2.4103916221105528e+14 2.5717658796086795e-03 -5.9797430763519066e-01
2.4135301528685094e+14 2.6185842860781327e-03 -6.0569648114865604e-01
2.4166686836264656e+14 2.6662171576851928e-03 -6.1307021268044914e-01
2.4198072143844222e+14 2.7146073305701472e-03 -6.2010618447735444e-01
2.4229457451423788e+14 2.7636986309302258e-03 -6.2681755309260856e-01
2.4260842759003350e+14 2.8134367847544358e-03 -6.3321960231963370e-01
2.4292228066582916e+14 2.8637702765403760e-03 -6.3932939016211088e-01
2.4323613374162481e+14 2.9146511476971222e-03 -6.4516539617874913e-01
2.4354998681742044e+14 2.9660357265345839e-03 -6.5074717446521668e-01
2.4386383989321609e+14 3.0178852829976983e-03 -6.5609501655054581e-01
2.4417769296901175e+14 3.0701666021961337e-03 -6.6122962756482118e-01
2.4449154604480738e+14 3.1228524717777659e-03 -6.6617181832093064e-01
2.4480539912060303e+14 3.1759220789722305e-03 -6.7094221529552789e-01
2.4511925219639869e+14 3.2293613139041098e-03 -6.7556099004592829e-01
2.4543310527219431e+14 3.2831629765244035e-03 -6.8004760923406615e-01
2.4574695834798997e+14 3.3373268852421099e-03 -6.8442060618120570e-01
2.4606081142378562e+14 3.3918598861413904e-03 -6.8869737473738757e-01
2.4637466449958125e+14 3.4467757625070324e-03 -6.9289398615127362e-01
2.4668851757537691e+14 3.5020950452803803e-03 -6.9702502960866486e-01
2.4700237065117253e+14 3.5578447261368478e-03 -7.0110347707158049e-01
2.4731622372696819e+14 3.6140578759165081e-03 -7.0514057306121769e-01
2.4763007680276381e+14 3.6707731724176661e-03 -7.0914574999167257e-01
2.4794392987855947e+14 3.7280343427593702e-03 -7.1312656959023679e-01
2.4825778295435512e+14 3.7858895269675952e-03 -7.1708869086071980e-01
2.4857163603015075e+14 3.8443905707133564e-03 -7.2103586484162052e-01
2.4888548910594641e+14 3.9035922565608281e-03 -7.2496995621696736e-01
2.4919934218174206e+14 3.9635514844094570e-03 -7.2889099151744674e-01
2.4951319525753769e+14 4.0243264129656920e-03 -7.3279723331980873e-01
2.4982704833333334e+14 4.0859755752603345e-03 -7.3668527941737172e-01
("o0","mode 1",1,"o1",1,"transmission")
(200, 3)
1.8737028625000000e+14 9.9460073986712572e-01 1.5558258499854762e+00
1.8768413932579566e+14 9.9472840105523841e-01 1.5990435650653307e+00
1.8799799240159128e+14 9.9485402219757002e-01 1.6422657000141376e+00
1.8831184547738694e+14 9.9497768738866088e-01 1.6854920061554783e+00
1.8862569855318259e+14 9.9509947224089179e-01 1.7287222377092069e+00
1.8893955162897822e+14 9.9521944442038757e-01 1.7719561517626325e+00
1.8925340470477388e+14 9.9533766418791425e-01 1.8151935082736861e+00
1.8956725778056950e+14 9.9545418494084570e-01 1.8584340701058226e+00
1.8988111085636516e+14 9.9556905375213722e-01 1.9016776030937497e+00
1.9019496393216081e+14 9.9568231190261747e-01 1.9449238761389027e+00
1.9050881700795644e+14 9.9579399540292279e-01 1.9881726613329944e+00
1.9082267008375209e+14 9.9590413550170709e-01 2.0314237341080763e+00
1.9113652315954775e+14 9.9601275917695054e-01 2.0746768734106555e+00
1.9145037623534338e+14 9.9611988960750386e-01 2.1179318618977017e+00
1.9176422931113903e+14 9.9622554662230112e-01 2.1611884861519721e+00
1.9207808238693469e+14 9.9632974712496747e-01 2.2044465369135651e+00
1.9239193546273031e+14 9.9643250549192186e-01 2.2477058093251667e+00
1.9270578853852597e+14 9.9653383394238326e-01 2.2909661031876434e+00
1.9301964161432162e+14 9.9663374287908579e-01 2.3342272232229377e+00
1.9333349469011725e+14 9.9673224119882164e-01 2.3774889793412632e+00
1.9364734776591291e+14 9.9682933657229467e-01 2.4207511869092340e+00
1.9396120084170853e+14 9.9692503569312707e-01 2.4640136670160491e+00
1.9427505391750419e+14 9.9701934449617213e-01 2.5072762467346514e+00
1.9458890699329984e+14 9.9711226834560274e-01 2.5505387593749052e+00
1.9490276006909547e+14 9.9720381219356036e-01 2.5938010447262836e+00
1.9521661314489112e+14 9.9729398071041209e-01 2.6370629492872135e+00
1.9553046622068678e+14 9.9738277838788703e-01 2.6803243264789844e+00
1.9584431929648241e+14 9.9747020961665533e-01 2.7235850368419210e+00
1.9615817237227806e+14 9.9755627874003661e-01 2.7668449482120416e+00
1.9647202544807369e+14 9.9764099008569773e-01 2.8101039358764441e+00
1.9678587852386934e+14 9.9772434797740328e-01 2.8533618827061882e+00
1.9709973159966500e+14 9.9780635672888407e-01 2.8966186792654143e+00
1.9741358467546062e+14 9.9788702062201917e-01 2.9398742238959708e+00
1.9772743775125628e+14 9.9796634387155725e-01 2.9831284227770039e+00
1.9804129082705194e+14 9.9804433057860764e-01 3.0263811899590727e+00
1.9835514390284756e+14 9.9812098467510801e-01 3.0696324473729026e+00
1.9866899697864322e+14 9.9819630986141628e-01 3.1128821248129279e+00
1.9898285005443888e+14 9.9827030953916862e-01 3.1561301598959624e+00
1.9929670313023450e+14 9.9834298674133803e-01 3.1993764979958921e+00
1.9961055620603016e+14 9.9841434406144225e-01 3.2426210921549607e+00
1.9992440928182581e+14 9.9848438358359914e-01 3.2858639029728605e+00
2.0023826235762144e+14 9.9855310681508003e-01 3.3291048984748079e+00
2.0055211543341709e+14 9.9862051462279922e-01 3.3723440539597913e+00
2.0086596850921272e+14 9.9868660717499769e-01 3.4155813518306140e+00
2.0117982158500838e+14 9.9875138388927698e-01 3.4588167814070454e+00
2.0149367466080403e+14 9.9881484338788029e-01 3.5020503387238202e+00
2.0180752773659966e+14 9.9887698346100717e-01 3.5452820263150926e+00
2.0212138081239531e+14 9.9893780103872776e-01 3.5885118529868505e+00
2.0243523388819097e+14 9.9899729217192657e-01 3.6317398335791022e+00
2.0274908696398659e+14 9.9905545202253143e-01 3.6749659887193546e+00
2.0306294003978225e+14 9.9911227486313003e-01 3.7181903445690261e+00
2.0337679311557791e+14 9.9916775408593417e-01 3.7614129325642063e+00
2.0369064619137353e+14 9.9922188222093722e-01 3.8046337891523874e+00
2.0400449926716919e+14 9.9927465096296719e-01 3.8478529555264407e+00
2.0431835234296481e+14 9.9932605120727780e-01 3.8910704773570632e+00
2.0463220541876047e+14 9.9937607309318921e-01 3.9342864045250630e+00
2.0494605849455612e+14 9.9942470605526068e-01 3.9775007908543447e+00
2.0525991157035175e+14 9.9947193888140007e-01 4.0207136938467860e+00
2.0557376464614741e+14 9.9951775977728385e-01 4.0639251744197180e+00
2.0588761772194306e+14 9.9956215643643886e-01 4.1071352966467511e+00
2.0620147079773869e+14 9.9960511611532377e-01 4.1503441275028212e+00
2.0651532387353434e+14 9.9964662571276675e-01 4.1935517366136761e+00
2.0682917694933000e+14 9.9968667185310045e-01 4.2367581960105500e+00
2.0714303002512562e+14 9.9972524097240600e-01 4.2799635798902553e+00
2.0745688310092128e+14 9.9976231940726012e-01 4.3231679643809873e+00
2.0777073617671694e+14 9.9979789348549242e-01 4.3663714273141725e+00
2.0808458925251256e+14 9.9983194961842148e-01 4.4095740480023222e+00
2.0839844232830822e+14 9.9986447439418658e-01 4.4527759070233222e+00
2.0871229540410384e+14 9.9989545467175545e-01 4.4959770860109103e+00
2.0902614847989950e+14 9.9992487767533589e-01 4.5391776674516482e+00
2.0934000155569516e+14 9.9995273108888916e-01 4.5823777344883307e+00
2.0965385463149078e+14 9.9997900315055621e-01 4.6255773707298689e+00
2.0996770770728644e+14 1.0000036827468362e+00 4.6687766600677723e+00
2.1028156078308209e+14 1.0000267595064021e+00 4.7119756864991418e+00
2.1059541385887772e+14 1.0000482238934512e+00 4.7551745339564011e+00
2.1090926693467338e+14 1.0000680673005919e+00 4.7983732861438559e+00
2.1122312001046900e+14 1.0000862821411851e+00 4.8415720263810691e+00
2.1153697308626466e+14 1.0001028619411572e+00 4.8847708374534431e+00
2.1185082616206031e+14 1.0001178014302698e+00 4.9279698014699953e+00
2.1216467923785594e+14 1.0001310966328345e+00 4.9711689997288255e+00
2.1247853231365159e+14 1.0001427449578204e+00 5.0143685125902735e+00
2.1279238538944725e+14 1.0001527452883290e+00 5.0575684193582955e+00
2.1310623846524288e+14 1.0001610980703304e+00 5.1007687981703551e+00
2.1342009154103853e+14 1.0001678054005465e+00 5.1439697258960777e+00
2.1373394461683419e+14 1.0001728711132873e+00 5.1871712780452599e+00
2.1404779769262981e+14 1.0001763008660380e+00 5.2303735286853819e+00
2.1436165076842547e+14 1.0001781022234939e+00 5.2735765503692669e+00
2.1467550384422112e+14 1.0001782847397067e+00 5.3167804140731043e+00
2.1498935692001675e+14 1.0001768600379224e+00 5.3599851891451875e+00
2.1530320999581241e+14 1.0001738418876438e+00 5.4031909432658995e+00
2.1561706307160806e+14 1.0001692462783893e+00 5.4463977424189922e+00
2.1593091614740369e+14 1.0001630914895301e+00 5.4896056508745783e+00
2.1624476922319934e+14 1.0001553981555682e+00 5.5328147311840006e+00
2.1655862229899497e+14 1.0001461893261463e+00 5.5760250441865669e+00
2.1687247537479062e+14 1.0001354905200470e+00 5.6192366490284424e+00
2.1718632845058628e+14 1.0001233297723744e+00 5.6624496031933402e+00
2.1750018152638191e+14 1.0001097376741490e+00 5.7056639625451258e+00
2.1781403460217756e+14 1.0000947474034416e+00 5.7488797813819463e+00
2.1812788767797322e+14 1.0000783947472587e+00 5.7920971125015681e+00
2.1844174075376884e+14 1.0000607181133370e+00 5.8353160072774886e+00
2.1875559382956450e+14 1.0000417585310473e+00 5.8785365157451928e+00
2.1906944690536012e+14 1.0000215596406441e+00 5.9217586866979515e+00
2.1938329998115578e+14 1.0000001676701686e+00 5.9649825677912549e+00
2.1969715305695144e+14 9.9997763139930207e-01 6.0082082056551052e+00
2.2001100613274706e+14 9.9995400210963947e-01 6.0514356460130792e+00
2.2032485920854272e+14 9.9992933352085633e-01 6.0946649338070964e+00
2.2063871228433838e+14 9.9990368171239707e-01 6.1378961133267413e+00
2.2095256536013400e+14 9.9987710503039429e-01 6.1811292283417334e+00
2.2126641843592966e+14 9.9984966397965946e-01 6.2243643222365055e+00
2.2158027151172531e+14 9.9982142110071059e-01 6.2676014381451690e+00
2.2189412458752094e+14 9.9979244083194774e-01 6.3108406190856909e+00
2.2220797766331659e+14 9.9976278935722340e-01 6.3540819080918336e+00
2.2252183073911225e+14 9.9973253443919385e-01 6.3973253483411483e+00
2.2283568381490788e+14 9.9970174523901090e-01 6.4405709832779836e+00
2.2314953689070353e+14 9.9967049212301640e-01 6.4838188567297532e+00
2.2346338996649919e+14 9.9963884645732282e-01 6.5270690130151880e+00
2.2377724304229481e+14 9.9960688039121626e-01 6.5703214970433930e+00
2.2409109611809047e+14 9.9957466663053729e-01 6.6135763544022046e+00
2.2440494919388609e+14 9.9954227820227393e-01 6.6568336314349184e+00
2.2471880226968175e+14 9.9950978821176173e-01 6.7000933753041902e+00
2.2503265534547741e+14 9.9947726959394401e-01 6.7433556340423078e+00
2.2534650842127303e+14 9.9944479486031412e-01 6.7866204565868271e+00
2.2566036149706869e+14 9.9941243584317874e-01 6.8298878928012448e+00
2.2597421457286431e+14 9.9938026343901176e-01 6.8731579934797962e+00
2.2628806764865997e+14 9.9934834735264544e-01 6.9164308103364247e+00
2.2660192072445562e+14 9.9931675584418245e-01 6.9597063959775243e+00
2.2691577380025125e+14 9.9928555548042064e-01 7.0029848038584745e+00
2.2722962687604691e+14 9.9925481089266888e-01 7.0462660882242956e+00
2.2754347995184256e+14 9.9922458454275009e-01 7.0895503040346508e+00
2.2785733302763819e+14 9.9919493649900748e-01 7.1328375068737007e+00
2.2817118610343384e+14 9.9916592422399630e-01 7.1761277528457628e+00
2.2848503917922950e+14 9.9913760237553817e-01 7.2194210984572793e+00
2.2879889225502512e+14 9.9911002262270077e-01 7.2627176004865106e+00
2.2911274533082078e+14 9.9908323347810235e-01 7.3060173158419035e+00
2.2942659840661644e+14 9.9905728014788875e-01 7.3493203014104864e+00
2.2974045148241206e+14 9.9903220440057350e-01 7.3926266138979067e+00
2.3005430455820772e+14 9.9900804445569946e-01 7.4359363096614519e+00
2.3036815763400338e+14 9.9898483489323731e-01 7.4792494445378805e+00
2.3068201070979900e+14 9.9896260658435065e-01 7.5225660736677469e+00
2.3099586378559466e+14 9.9894138664407039e-01 7.5658862513180019e+00
2.3130971686139031e+14 9.9892119840611071e-01 7.6092100307047383e+00
2.3162356993718594e+14 9.9890206142003013e-01 7.6525374638179393e+00
2.3193742301298159e+14 9.9888399147055096e-01 7.6958686012500905e+00
2.3225127608877722e+14 9.9886700061885525e-01 7.7392034920304376e+00
2.3256512916457288e+14 9.9885109726532662e-01 7.7825421834668731e+00
2.3287898224036850e+14 9.9883628623311171e-01 7.8258847209969584e+00
2.3319283531616416e+14 9.9882256887164245e-01 7.8692311480499475e+00
2.3350668839195981e+14 9.9880994317915617e-01 7.9125815059213354e+00
2.3382054146775544e+14 9.9879840394298725e-01 7.9559358336612851e+00
2.3413439454355109e+14 9.9878794289640149e-01 7.9992941679785297e+00
2.3444824761934675e+14 9.9877854889042361e-01 8.0426565431606463e+00
2.3476210069514238e+14 9.9877020807920114e-01 8.0860229910119479e+00
2.3507595377093803e+14 9.9876290411713964e-01 8.1293935408099394e+00
2.3538980684673369e+14 9.9875661836614582e-01 8.1727682192806892e+00
2.3570365992252931e+14 9.9875133011108641e-01 8.2161470505941789e+00
2.3601751299832497e+14 9.9874701678164968e-01 8.2595300563795071e+00
2.3633136607412062e+14 9.9874365417870326e-01 8.3029172557603577e+00
2.3664521914991625e+14 9.9874121670322846e-01 8.3463086654107510e+00
2.3695907222571191e+14 9.9873967758596627e-01 8.3897042996306279e+00
2.3727292530150756e+14 9.9873900911588243e-01 8.4331041704411511e+00
2.3758677837730319e+14 9.9873918286570473e-01 8.4765082876989855e+00
2.3790063145309884e+14 9.9874016991263748e-01 8.5199166592288869e+00
2.3821448452889450e+14 9.9874194105277003e-01 8.5633292909737193e+00
2.3852833760469012e+14 9.9874446700744590e-01 8.6067461871608018e+00
2.3884219068048578e+14 9.9874771862022793e-01 8.6501673504835175e+00
2.3915604375628144e+14 9.9875166704302587e-01 8.6935927822967276e+00
2.3946989683207706e+14 9.9875628391028348e-01 8.7370224828247718e+00
2.3978374990787272e+14 9.9876154150005059e-01 8.7804564513804078e+00
2.4009760298366834e+14 9.9876741288108251e-01 8.8238946865931780e+00
2.4041145605946400e+14 9.9877387204516732e-01 8.8673371866456332e+00
2.4072530913525962e+14 9.9878089402408421e-01 8.9107839495155368e+00
2.4103916221105528e+14 9.9878845499073721e-01 8.9542349732227162e+00
2.4135301528685094e+14 9.9879653234415988e-01 8.9976902560783820e+00
2.4166686836264656e+14 9.9880510477826023e-01 9.0411497969356613e+00
2.4198072143844222e+14 9.9881415233432758e-01 9.0846135954394747e+00
2.4229457451423788e+14 9.9882365643743254e-01 9.1280816522739983e+00
2.4260842759003350e+14 9.9883359991705301e-01 9.1715539694064780e+00
2.4292228066582916e+14 9.9884396701233880e-01 9.2150305503255439e+00
2.4323613374162481e+14 9.9885474336256275e-01 9.2585114002728552e+00
2.4354998681742044e+14 9.9886591598344365e-01 9.3019965264665352e+00
2.4386383989321609e+14 9.9887747323006693e-01 9.3454859383153703e+00
2.4417769296901175e+14 9.9888940474729193e-01 9.3889796476224294e+00
2.4449154604480738e+14 9.9890170140852030e-01 9.4324776687772847e+00
2.4480539912060303e+14 9.9891435524388450e-01 9.4759800189357879e+00
2.4511925219639869e+14 9.9892735935877297e-01 9.5194867181866965e+00
2.4543310527219431e+14 9.9894070784388234e-01 9.5629977897044682e+00
2.4574695834798997e+14 9.9895439567777922e-01 9.6065132598877732e+00
2.4606081142378562e+14 9.9896841862312735e-01 9.6500331584831294e+00
2.4637466449958125e+14 9.9898277311764483e-01 9.6935575186935541e+00
2.4668851757537691e+14 9.9899745616087288e-01 9.7370863772719343e+00
2.4700237065117253e+14 9.9901246519779663e-01 9.7806197745990886e+00
2.4731622372696819e+14 9.9902779800036401e-01 9.8241577547464694e+00
2.4763007680276381e+14 9.9904345254783045e-01 9.8677003655237030e+00
2.4794392987855947e+14 9.9905942690688787e-01 9.9112476585111793e+00
2.4825778295435512e+14 9.9907571911244364e-01 9.9547996890777348e+00
2.4857163603015075e+14 9.9909232704983675e-01 9.9983565163841615e+00
2.4888548910594641e+14 9.9910924833924075e-01 1.0041918203372536e+01
2.4919934218174206e+14 9.9912648022298967e-01 1.0085484816742010e+01
2.4951319525753769e+14 9.9914401945631537e-01 1.0129056426911621e+01
2.4982704833333334e+14 9.9916186220220526e-01 1.0172633107970325e+01
("o1","mode 1",1,"o0",1,"transmission")
(200, 3)
1.8737028625000000e+14 9.9148658246155896e-01 1.5553474648745453e+00
1.8768413932579566e+14 9.9167482319975342e-01 1.5985742941826511e+00
1.8799799240159128e+14 9.9186014195041139e-01 1.6418052176065681e+00
1.8831184547738694e+14 9.9204264700837785e-01 1.6850399825321465e+00
1.8862569855318259e+14 9.9222243904863539e-01 1.7282783408701463e+00
1.8893955162897822e+14 9.9239961148308109e-01 1.7715200490625513e+00
1.8925340470477388e+14 9.9257425082179418e-01 1.8147648681079362e+00
1.8956725778056950e+14 9.9274643703582544e-01 1.8580125636057605e+00
1.8988111085636516e+14 9.9291624391840250e-01 1.9012629058188619e+00
1.9019496393216081e+14 9.9308373944179129e-01 1.9445156697532950e+00
1.9050881700795644e+14 9.9324898610700985e-01 1.9877706352541238e+00
1.9082267008375209e+14 9.9341204128392957e-01 2.0310275871159282e+00
1.9113652315954775e+14 9.9357295753938990e-01 2.0742863152059434e+00
1.9145037623534338e+14 9.9373178295130471e-01 2.1175466145980812e+00
1.9176422931113903e+14 9.9388856140695081e-01 2.1608082857157225e+00
1.9207808238693469e+14 9.9404333288392621e-01 2.2040711344806976e+00
1.9239193546273031e+14 9.9419613371258886e-01 2.2473349724664677e+00
1.9270578853852597e+14 9.9434699681906547e-01 2.2905996170527492e+00
1.9301964161432162e+14 9.9449595194828377e-01 2.3338648915791693e+00
1.9333349469011725e+14 9.9464302586674347e-01 2.3771306254956337e+00
1.9364734776591291e+14 9.9478824254508169e-01 2.4203966545067397e+00
1.9396120084170853e+14 9.9493162332078178e-01 2.4636628207081359e+00
1.9427505391750419e+14 9.9507318704165670e-01 2.5069289727125197e+00
1.9458890699329984e+14 9.9521295019098910e-01 2.5501949657631626e+00
1.9490276006909547e+14 9.9535092699547145e-01 2.5934606618333191e+00
1.9521661314489112e+14 9.9548712951729634e-01 2.6367259297095695e+00
1.9553046622068678e+14 9.9562156773190813e-01 2.6799906450579272e+00
1.9584431929648241e+14 9.9575424959314662e-01 2.7232546904713724e+00
1.9615817237227806e+14 9.9588518108756141e-01 2.7665179554980059e+00
1.9647202544807369e+14 9.9601436627979822e-01 2.8097803366490686e+00
1.9678587852386934e+14 9.9614180735104185e-01 2.8530417373865853e+00
1.9709973159966500e+14 9.9626750463246594e-01 2.8963020680904030e+00
1.9741358467546062e+14 9.9639145663565709e-01 2.9395612460048901e+00
1.9772743775125628e+14 9.9651366008193853e-01 2.9828191951657588e+00
1.9804129082705194e+14 9.9663410993242718e-01 3.0260758463075619e+00
1.9835514390284756e+14 9.9675279942056871e-01 3.0693311367529366e+00
1.9866899697864322e+14 9.9686972008872465e-01 3.1125850102846759e+00
1.9898285005443888e+14 9.9698486183030599e-01 3.1558374170018637e+00
1.9929670313023450e+14 9.9709821293866785e-01 3.1990883131618135e+00
1.9961055620603016e+14 9.9720976016389051e-01 3.2423376610091568e+00
1.9992440928182581e+14 9.9731948877826915e-01 3.2855854285940387e+00
2.0023826235762144e+14 9.9742738265120290e-01 3.3288315895812350e+00
2.0055211543341709e+14 9.9753342433388603e-01 3.3720761230519591e+00
2.0086596850921272e+14 9.9763759515400552e-01 3.4153190133004667e+00
2.0117982158500838e+14 9.9773987532042918e-01 3.4585602496271677e+00
2.0149367466080403e+14 9.9784024403763982e-01 3.5017998261302745e+00
2.0180752773659966e+14 9.9793867962945981e-01 3.5450377414977861e+00
2.0212138081239531e+14 9.9803515967141820e-01 3.5882739988014012e+00
2.0243523388819097e+14 9.9812966113092227e-01 3.6315086052941399e+00
2.0274908696398659e+14 9.9822216051424162e-01 3.6747415722130539e+00
2.0306294003978225e+14 9.9831263401915304e-01 3.7179729145884122e+00
2.0337679311557791e+14 9.9840105769197318e-01 3.7612026510604082e+00
2.0369064619137353e+14 9.9848740758762389e-01 3.8044308037045269e+00
2.0400449926716919e+14 9.9857165993126806e-01 3.8476573978662563e+00
2.0431835234296481e+14 9.9865379128004095e-01 3.8908824620056648e+00
2.0463220541876047e+14 9.9873377868334867e-01 3.9341060275524176e+00
2.0494605849455612e+14 9.9881159984022405e-01 3.9773281287711861e+00
2.0525991157035175e+14 9.9888723325225370e-01 4.0205488026376592e+00
2.0557376464614741e+14 9.9896065837064918e-01 4.0637680887247933e+00
2.0588761772194306e+14 9.9903185573609476e-01 4.1069860290989109e+00
2.0620147079773869e+14 9.9910080711011751e-01 4.1502026682252993e+00
2.0651532387353434e+14 9.9916749559685025e-01 4.1934180528822811e+00
2.0682917694933000e+14 9.9923190575415100e-01 4.2366322320832106e+00
2.0714303002512562e+14 9.9929402369324904e-01 4.2798452570052561e+00
2.0745688310092128e+14 9.9935383716619619e-01 4.3230571809239802e+00
2.0777073617671694e+14 9.9941133564062767e-01 4.3662680591526115e+00
2.0808458925251256e+14 9.9946651036144030e-01 4.4094779489846907e+00
2.0839844232830822e+14 9.9951935439926476e-01 4.4526869096391506e+00
2.0871229540410384e+14 9.9956986268570780e-01 4.4958950022062876e+00
2.0902614847989950e+14 9.9961803203558064e-01 4.5391022895936848e+00
2.0934000155569516e+14 9.9966386115645989e-01 4.5823088364708138e+00
2.0965385463149078e+14 9.9970735064611471e-01 4.6255147092112310e+00
2.0996770770728644e+14 9.9974850297848428e-01 4.6687199758314080e+00
2.1028156078308209e+14 9.9978732247903046e-01 4.7119247059251563e+00
2.1059541385887772e+14 9.9982381529038489e-01 4.7551289705929820e+00
2.1090926693467338e+14 9.9985798932940517e-01 4.7983328423656779e+00
2.1122312001046900e+14 9.9988985423671151e-01 4.8415363951214712e+00
2.1153697308626466e+14 9.9991942131997658e-01 4.8847397039965861e+00
2.1185082616206031e+14 9.9994670349219772e-01 4.9279428452887206e+00
2.1216467923785594e+14 9.9997171520626016e-01 4.9711458963536854e+00
2.1247853231365159e+14 9.9999447238707506e-01 5.0143489354949633e+00
2.1279238538944725e+14 1.0000149923625783e+00 5.0575520418466837e+00
2.1310623846524288e+14 1.0000332937948360e+00 5.1007552952503659e+00
2.1342009154103853e+14 1.0000493966124504e+00 5.1439587761258538e+00
2.1373394461683419e+14 1.0000633219453599e+00 5.1871625653373616e+00
2.1404779769262981e+14 1.0000750920630794e+00 5.2303667440551864e+00
2.1436165076842547e+14 1.0000847303172815e+00 5.2735713936142776e+00
2.1467550384422112e+14 1.0000922610895135e+00 5.3167765953705244e+00
2.1498935692001675e+14 1.0000977097447012e+00 5.3599824305558510e+00
2.1530320999581241e+14 1.0001011025909716e+00 5.4031889801334936e+00
2.1561706307160806e+14 1.0001024668461485e+00 5.4463963246544163e+00
2.1593091614740369e+14 1.0001018306111304e+00 5.4896045441162871e+00
2.1624476922319934e+14 1.0000992228502212e+00 5.5328137178262269e+00
2.1655862229899497e+14 1.0000946733782985e+00 5.5760239242684442e+00
2.1687247537479062e+14 1.0000882128545803e+00 5.6192352409781794e+00
2.1718632845058628e+14 1.0000798727825828e+00 5.6624477444228214e+00
2.1750018152638191e+14 1.0000696855157472e+00 5.7056615098914882e+00
2.1781403460217756e+14 1.0000576842680398e+00 5.7488766113939382e+00
2.1812788767797322e+14 1.0000439031287900e+00 5.7920931215696907e+00
2.1844174075376884e+14 1.0000283770808407e+00 5.8353111116081555e+00
2.1875559382956450e+14 1.0000111420210609e+00 5.8785306511803270e+00
2.1906944690536012e+14 9.9999223478217036e-01 5.9217518083826111e+00
2.1938329998115578e+14 9.9997169315480661e-01 5.9649746496929978e+00
2.1969715305695144e+14 9.9994955590866208e-01 6.0081992399398922e+00
2.2001100613274706e+14 9.9992586281160878e-01 6.0514256422835357e+00
2.2032485920854272e+14 9.9990065464561917e-01 6.0946539182099118e+00
2.2063871228433838e+14 9.9987397321841531e-01 6.1378841275368838e+00
2.2095256536013400e+14 9.9984586136975806e-01 6.1811163284319903e+00
2.2126641843592966e+14 9.9981636297136656e-01 6.2243505774415651e+00
2.2158027151172531e+14 9.9978552291954703e-01 6.2675869295301574e+00
2.2189412458752094e+14 9.9975338711969597e-01 6.3108254381296325e+00
2.2220797766331659e+14 9.9972000246194570e-01 6.3540661551969730e+00
2.2252183073911225e+14 9.9968541678734546e-01 6.3973091312794930e+00
2.2283568381490788e+14 9.9964967884411604e-01 6.4405544155867069e+00
2.2314953689070353e+14 9.9961283823361824e-01 6.4838020560673248e+00
2.2346338996649919e+14 9.9957494534587976e-01 6.5270520994902093e+00
2.2377724304229481e+14 9.9953605128461764e-01 6.5703045915281653e+00
2.2409109611809047e+14 9.9949620778188564e-01 6.6135595768429951e+00
2.2440494919388609e+14 9.9945546710260857e-01 6.6568170991707705e+00
2.2471880226968175e+14 9.9941388193944425e-01 6.7000772014058994e+00
2.2503265534547741e+14 9.9937150529849517e-01 6.7433399256829096e+00
2.2534650842127303e+14 9.9932839037662069e-01 6.7866053134545927e+00
2.2566036149706869e+14 9.9928459043114271e-01 6.8298734055657260e+00
2.2597421457286431e+14 9.9924015864293070e-01 6.8731442423210298e+00
2.2628806764865997e+14 9.9919514797386932e-01 6.9164178635468136e+00
2.2660192072445562e+14 9.9914961101992195e-01 6.9596943086453651e+00
2.2691577380025125e+14 9.9910359986094621e-01 7.0029736166414356e+00
2.2722962687604691e+14 9.9905716590858251e-01 7.0462558262204968e+00
2.2754347995184256e+14 9.9901035975351349e-01 7.0895409757582755e+00
2.2785733302763819e+14 9.9896323101346418e-01 7.1328291033413338e+00
2.2817118610343384e+14 9.9891582818324975e-01 7.1761202467788907e+00
2.2848503917922950e+14 9.9886819848823960e-01 7.2194144436056069e+00
2.2879889225502512e+14 9.9882038774254223e-01 7.2627117310759486e+00
2.2911274533082078e+14 9.9877244021313238e-01 7.3060121461502945e+00
2.2942659840661644e+14 9.9872439849112749e-01 7.3493157254733017e+00
2.2974045148241206e+14 9.9867630337134516e-01 7.3926225053453756e+00
2.3005430455820772e+14 9.9862819374109246e-01 7.4359325216877421e+00
2.3036815763400338e+14 9.9858010647914419e-01 7.4792458100021797e+00
2.3068201070979900e+14 9.9853207636564556e-01 7.5225624053263029e+00
2.3099586378559466e+14 9.9848413600364094e-01 7.5658823421853931e+00
2.3130971686139031e+14 9.9843631575266445e-01 7.6092056545419222e+00
2.3162356993718594e+14 9.9838864367485591e-01 7.6525323757438501e+00
2.3193742301298159e+14 9.9834114549372233e-01 7.6958625384728938e+00
2.3225127608877722e+14 9.9829384456570458e-01 7.7391961746938183e+00
2.3256512916457288e+14 9.9824676186442263e-01 7.7825333156061145e+00
2.3287898224036850e+14 9.9819991597739799e-01 7.8258739915988995e+00
2.3319283531616416e+14 9.9815332311488059e-01 7.8692182322103523e+00
2.3350668839195981e+14 9.9810699713031104e-01 7.9125660660925980e+00
2.3382054146775544e+14 9.9806094955176350e-01 7.9559175209829007e+00
2.3413439454355109e+14 9.9801518962369029e-01 7.9992726236822538e+00
2.3444824761934675e+14 9.9796972435806242e-01 8.0426314000417971e+00
2.3476210069514238e+14 9.9792455859406692e-01 8.0859938749579374e+00
2.3507595377093803e+14 9.9787969506527974e-01 8.1293600723766684e+00
2.3538980684673369e+14 9.9783513447333771e-01 8.1727300153072147e+00
2.3570365992252931e+14 9.9779087556694235e-01 8.2161037258456773e+00
2.3601751299832497e+14 9.9774691522512016e-01 8.2594812252083987e+00
2.3633136607412062e+14 9.9770324854358738e-01 8.3028625337752153e+00
2.3664521914991625e+14 9.9765986892308800e-01 8.3462476711425033e+00
2.3695907222571191e+14 9.9761676815861733e-01 8.3896366561854823e+00
2.3727292530150756e+14 9.9757393652844051e-01 8.4330295071296018e+00
2.3758677837730319e+14 9.9753136288198485e-01 8.4764262416303122e+00
2.3790063145309884e+14 9.9748903472550121e-01 8.5198268768606198e+00
2.3821448452889450e+14 9.9744693830485165e-01 8.5632314296056631e+00
2.3852833760469012e+14 9.9740505868448548e-01 8.6066399163634202e+00
2.3884219068048578e+14 9.9736337982206280e-01 8.6500523534507128e+00
2.3915604375628144e+14 9.9732188463808458e-01 8.6934687571133509e+00
2.3946989683207706e+14 9.9728055508021740e-01 8.7368891436395817e+00
2.3978374990787272e+14 9.9723937218190062e-01 8.7803135294756061e+00
2.4009760298366834e+14 9.9719831611513343e-01 8.8237419313421555e+00
2.4041145605946400e+14 9.9715736623734907e-01 8.8671743663510707e+00
2.4072530913525962e+14 9.9711650113247541e-01 8.9106108521206568e+00
2.4103916221105528e+14 9.9707569864636614e-01 8.9540514068890982e+00
2.4135301528685094e+14 9.9703493591691206e-01 8.9974960496245071e+00
2.4166686836264656e+14 9.9699418939925200e-01 9.0409448001311112e+00
2.4198072143844222e+14 9.9695343488661048e-01 9.0843976791505234e+00
2.4229457451423788e+14 9.9691264752734687e-01 9.1278547084572317e+00
2.4260842759003350e+14 9.9687180183892499e-01 9.1713159109479889e+00
2.4292228066582916e+14 9.9683087171953189e-01 9.2147813107241845e+00
2.4323613374162481e+14 9.9678983045813918e-01 9.2582509331670657e+00
2.4354998681742044e+14 9.9674865074385532e-01 9.3017248050052874e+00
2.4386383989321609e+14 9.9670730467537783e-01 9.3452029543747717e+00
2.4417769296901175e+14 9.9666576377143212e-01 9.3886854108706999e+00
2.4449154604480738e+14 9.9662399898299503e-01 9.4321722055918062e+00
2.4480539912060303e+14 9.9658198070815485e-01 9.4756633711771041e+00
2.4511925219639869e+14 9.9653967881027927e-01 9.5191589418353857e+00
2.4543310527219431e+14 9.9649706264029703e-01 9.5626589533679169e+00
2.4574695834798997e+14 9.9645410106361609e-01 9.6061634431849399e+00
2.4606081142378562e+14 9.9641076249227511e-01 9.6496724503164373e+00
2.4637466449958125e+14 9.9636701492274216e-01 9.6931860154180534e+00
2.4668851757537691e+14 9.9632282597968502e-01 9.7367041807728612e+00
2.4700237065117253e+14 9.9627816296592508e-01 9.7802269902898207e+00
2.4731622372696819e+14 9.9623299291868617e-01 9.8237544894997910e+00
2.4763007680276381e+14 9.9618728267205703e-01 9.8672867255500414e+00
2.4794392987855947e+14 9.9614099892553398e-01 9.9108237471981813e+00
2.4825778295435512e+14 9.9609410831834388e-01 9.9543656048062150e+00
2.4857163603015075e+14 9.9604657750910908e-01 9.9979123503359464e+00
2.4888548910594641e+14 9.9599837326029639e-01 1.0041464037346181e+01
2.4919934218174206e+14 9.9594946252686456e-01 1.0085020720992709e+01
2.4951319525753769e+14 9.9589981254819293e-01 1.0128582458031795e+01
2.4982704833333334e+14 9.9584939094258917e-01 1.0172149306827544e+01
("o1","mode 1",1,"o1",1,"transmission")
(200, 3)
1.8737028625000000e+14 5.3790634338720840e-03 -2.7361503204644375e+00
1.8768413932579566e+14 5.2458870668684893e-03 -2.7317900874596601e+00
1.8799799240159128e+14 5.1150314164605526e-03 -2.7273215869007394e+00
1.8831184547738694e+14 4.9864163225048323e-03 -2.7227315441606850e+00
1.8862569855318259e+14 4.8599603554990130e-03 -2.7180071428479207e+00
1.8893955162897822e+14 4.7355817782148528e-03 -2.7131361463402106e+00
1.8925340470477388e+14 4.6131994975949914e-03 -2.7081070064609651e+00
1.8956725778056950e+14 4.4927339908896182e-03 -2.7029089571137090e+00
1.8988111085636516e+14 4.3741081910163328e-03 -2.6975320909788763e+00
1.9019496393216081e+14 4.2572483173725075e-03 -2.6919674176670698e+00
1.9050881700795644e+14 4.1420846399218151e-03 -2.6862069020399510e+00
1.9082267008375209e+14 4.0285521660391984e-03 -2.6802434816774019e+00
1.9113652315954775e+14 3.9165912414848266e-03 -2.6740710627540043e+00
1.9145037623534338e+14 3.8061480587701711e-03 -2.6676844937887867e+00
1.9176422931113903e+14 3.6971750681356456e-03 -2.6610795169245960e+00
1.9207808238693469e+14 3.5896312882456299e-03 -2.6542526964960915e+00
1.9239193546273031e+14 3.4834825155768932e-03 -2.6472013247209940e+00
1.9270578853852597e+14 3.3787014331867135e-03 -2.6399233043278438e+00
1.9301964161432162e+14 3.2752676211624050e-03 -2.6324170078713593e+00
1.9333349469011725e+14 3.1731674724984798e-03 -2.6246811133507824e+00
1.9364734776591291e+14 3.0723940194629451e-03 -2.6167144155424991e+00
1.9396120084170853e+14 2.9729466766150936e-03 -2.6085156121980018e+00
1.9427505391750419e+14 2.8748309076449172e-03 -2.6000830639388854e+00
1.9458890699329984e+14 2.7780578239959700e-03 -2.5914145262798498e+00
1.9490276006909547e+14 2.6826437239465570e-03 -2.5825068517843639e+00
1.9521661314489112e+14 2.5886095813686151e-03 -2.5733556598315359e+00
1.9553046622068678e+14 2.4959804938627164e-03 -2.5639549708915221e+00
1.9584431929648241e+14 2.4047851003510040e-03 -2.5542968015620922e+00
1.9615817237227806e+14 2.3150549785441602e-03 -2.5443707158551536e+00
1.9647202544807369e+14 2.2268240329826341e-03 -2.5341633273880357e+00
1.9678587852386934e+14 2.1401278846719819e-03 -2.5236577461518266e+00
1.9709973159966500e+14 2.0550032735972184e-03 -2.5128329624065433e+00
1.9741358467546062e+14 1.9714874857749819e-03 -2.5016631589570730e+00
1.9772743775125628e+14 1.8896178168890715e-03 -2.4901169415414643e+00
1.9804129082705194e+14 1.8094310850705999e-03 -2.4781564752865957e+00
1.9835514390284756e+14 1.7309632059639493e-03 -2.4657365131320361e+00
1.9866899697864322e+14 1.6542488440294280e-03 -2.4528032997184370e+00
1.9898285005443888e+14 1.5793211549415367e-03 -2.4392933315011796e+00
1.9929670313023450e+14 1.5062116351517998e-03 -2.4251319508062075e+00
1.9961055620603016e+14 1.4349500961032488e-03 -2.4102317482647773e+00
1.9992440928182581e+14 1.3655647823942962e-03 -2.3944907448101325e+00
2.0023826235762144e+14 1.2980826553272754e-03 -2.3777903216563958e+00
2.0055211543341709e+14 1.2325298658830107e-03 -2.3599928652126927e+00
2.0086596850921272e+14 1.1689324442023771e-03 -2.3409390952522529e+00
2.0117982158500838e+14 1.1073172361060367e-03 -2.3204450513057728e+00
2.0149367466080403e+14 1.0477131208907857e-03 -2.2982987282232532e+00
2.0180752773659966e+14 9.9015254808745802e-04 -2.2742563838229768e+00
2.0212138081239531e+14 9.3467343325119253e-04 -2.2480385995789889e+00
2.0243523388819097e+14 8.8132145234991600e-04 -2.2193262753524370e+00
2.0274908696398659e+14 8.3015276780608923e-04 -2.1877569040965952e+00
2.0306294003978225e+14 7.8123720138816022e-04 -2.1529217348609100e+00
2.0337679311557791e+14 7.3466183106171527e-04 -2.1143648336570431e+00
2.0369064619137353e+14 6.9053491699498344e-04 -2.0715856368820726e+00
2.0400449926716919e+14 6.4898993659169232e-04 -2.0240473898359728e+00
2.0431835234296481e+14 6.1018930516055668e-04 -1.9711948397280785e+00
2.0463220541876047e+14 5.7432705431684076e-04 -1.9124855186542729e+00
2.0494605849455612e+14 5.4162933031891118e-04 -1.8474394116296040e+00
2.0525991157035175e+14 5.1235111156910126e-04 -1.7757107840222683e+00
2.0557376464614741e+14 4.8676719545439679e-04 -1.6971819681637563e+00
2.0588761772194306e+14 4.6515560536679578e-04 -1.6120705220513907e+00
2.0620147079773869e+14 4.4777259298550476e-04 -1.5210284788619819e+00
2.0651532387353434e+14 4.3482072145807502e-04 -1.4251994975956070e+00
2.0682917694933000e+14 4.2641484854475097e-04 -1.3261958779423972e+00
2.0714303002512562e+14 4.2255382672380768e-04 -1.2259729862329649e+00
2.0745688310092128e+14 4.2310627067765431e-04 -1.1266146219202804e+00
2.0777073617671694e+14 4.2781544144153899e-04 -1.0300826679989763e+00
2.0808458925251256e+14 4.3632220902666875e-04 -9.3800202127832966e-01
2.0839844232830822e+14 4.4819939990872905e-04 -8.5153431623701903e-01
2.0871229540410384e+14 4.6298855220363195e-04 -7.7135419283796880e-01
2.0902614847989950e+14 4.8023165032310897e-04 -6.9770580154934170e-01
2.0934000155569516e+14 4.9949398863526973e-04 -6.3050154190490426e-01
2.0965385463149078e+14 5.2037772630954032e-04 -5.6942880392026740e-01
2.0996770770728644e+14 5.4252777207334558e-04 -5.1404337226559882e-01
2.1028156078308209e+14 5.6563233754389490e-04 -4.6384086386513068e-01
2.1059541385887772e+14 5.8942032239631180e-04 -4.1830598100731747e-01
2.1090926693467338e+14 6.1365716275890931e-04 -3.7694335547366203e-01
2.1122312001046900e+14 6.3814021319579255e-04 -3.3929478988318307e-01
2.1153697308626466e+14 6.6269428287043044e-04 -3.0494724616392510e-01
2.1185082616206031e+14 6.8716763570670194e-04 -2.7353496414082928e-01
2.1216467923785594e+14 7.1142857089354723e-04 -2.4473811395652167e-01
2.1247853231365159e+14 7.3536259059452710e-04 -2.1827958501190431e-01
2.1279238538944725e+14 7.5887010631012122e-04 -1.9392092599647770e-01
2.1310623846524288e+14 7.8186461226616806e-04 -1.7145804660860661e-01
2.1342009154103853e+14 8.0427124896192395e-04 -1.5071702683499205e-01
2.1373394461683419e+14 8.2602568389017819e-04 -1.3155021282144636e-01
2.1404779769262981e+14 8.4707324425295234e-04 -1.1383267692090986e-01
2.1436165076842547e+14 8.6736824544648408e-04 -9.7459060266585976e-02
2.1467550384422112e+14 8.8687346786741998e-04 -8.2340783631905112e-02
2.1498935692001675e+14 9.0555974237529926e-04 -6.8403595955566221e-02
2.1530320999581241e+14 9.2340561156790924e-04 -5.5585423177447482e-02
2.1561706307160806e+14 9.4039703967122934e-04 -4.3834478936084428e-02
2.1593091614740369e+14 9.5652714861201862e-04 -3.3107600554350740e-02
2.1624476922319934e+14 9.7179596169740944e-04 -2.3368777227420093e-02
2.1655862229899497e+14 9.8621013962481383e-04 -1.4587841443583060e-02
2.1687247537479062e+14 9.9978269622002050e-04 -6.7392989871270757e-03
2.1718632845058628e+14 1.0125326836816955e-03 1.9872290241637600e-04
2.1750018152638191e+14 1.0244848391362110e-03 6.2454255997436686e-03
2.1781403460217756e+14 1.0356691862325876e-03 1.1418200014011295e-02
2.1812788767797322e+14 1.0461205872552232e-03 1.5733407499770074e-02
2.1844174075376884e+14 1.0558782430435340e-03 1.9207086675264367e-02
2.1875559382956450e+14 1.0649851397600250e-03 2.1855589199339338e-02
2.1906944690536012e+14 1.0734874434198500e-03 2.3696144992795366e-02
2.1938329998115578e+14 1.0814338449959429e-03 2.4747355172532737e-02
2.1969715305695144e+14 1.0888748609369043e-03 2.5029609275158033e-02
2.2001100613274706e+14 1.0958620959676930e-03 2.4565422017008669e-02
2.2032485920854272e+14 1.1024474770668323e-03 2.3379684191780842e-02
2.2063871228433838e+14 1.1086824695745244e-03 2.1499822216049104e-02
2.2095256536013400e+14 1.1146172881618724e-03 1.8955861428017747e-02
2.2126641843592966e+14 1.1203001170482212e-03 1.5780389545452765e-02
2.2158027151172531e+14 1.1257763550702473e-03 1.2008418613465376e-02
2.2189412458752094e+14 1.1310879020647153e-03 7.6771462938631579e-03
2.2220797766331659e+14 1.1362725032293304e-03 2.8256203392402362e-03
2.2252183073911225e+14 1.1413631677979269e-03 -2.5056866948981607e-03
2.2283568381490788e+14 1.1463876773417057e-03 -8.2753820880385222e-03
2.2314953689070353e+14 1.1513681973171891e-03 -1.4441723465463026e-02
2.2346338996649919e+14 1.1563210032114271e-03 -2.0963238964694392e-02
2.2377724304229481e+14 1.1612563297791500e-03 -2.7799378815425890e-02
2.2409109611809047e+14 1.1661783486988432e-03 -3.4911178859766474e-02
2.2440494919388609e+14 1.1710852764809218e-03 -4.2261916227252831e-02
2.2471880226968175e+14 1.1759696109843495e-03 -4.9817738023585328e-02
2.2503265534547741e+14 1.1808184914857669e-03 -5.7548245455233876e-02
2.2534650842127303e+14 1.1856141741744162e-03 -6.5427018088993774e-02
2.2566036149706869e+14 1.1903346122368182e-03 -7.3432065854263401e-02
2.2597421457286431e+14 1.1949541275819557e-03 -8.1546199588658413e-02
2.2628806764865997e+14 1.1994441596762464e-03 -8.9757314278506889e-02
2.2660192072445562e+14 1.2037740760136746e-03 -9.8058582291470478e-02
2.2691577380025125e+14 1.2079120283326498e-03 -1.0644855678689057e-01
2.2722962687604691e+14 1.2118258388466637e-03 -1.1493118780842893e-01
2.2754347995184256e+14 1.2154839012300691e-03 -1.2351575535031914e-01
2.2785733302763819e+14 1.2188560820151054e-03 -1.3221672481804081e-01
2.2817118610343384e+14 1.2219146090342908e-03 -1.4105353075766638e-01
2.2848503917922950e+14 1.2246349347121428e-03 -1.5005029468970069e-01
2.2879889225502512e+14 1.2269965631277178e-03 -1.5923548226074724e-01
2.2911274533082078e+14 1.2289838307686612e-03 -1.6864150395119920e-01
2.2942659840661644e+14 1.2305866317801777e-03 -1.7830426234931940e-01
2.2974045148241206e+14 1.2318010791370479e-03 -1.8826264761523692e-01
2.3005430455820772e+14 1.2326300935584544e-03 -1.9855798139146719e-01
2.3036815763400338e+14 1.2330839121076941e-03 -2.0923340822664416e-01
2.3068201070979900e+14 1.2331805083465937e-03 -2.2033323264099172e-01
2.3099586378559466e+14 1.2329459155330383e-03 -2.3190219954057803e-01
2.3130971686139031e+14 1.2324144439201155e-03 -2.4398471580194608e-01
2.3162356993718594e+14 1.2316287826349189e-03 -2.5662401180584493e-01
2.3193742301298159e+14 1.2306399761107438e-03 -2.6986124348659768e-01
2.3225127608877722e+14 1.2295072647147041e-03 -2.8373453833619988e-01
2.3256512916457288e+14 1.2282977792026930e-03 -2.9827799281562412e-01
2.3287898224036850e+14 1.2270860792058540e-03 -3.1352063368769739e-01
2.3319283531616416e+14 1.2259535272586195e-03 -3.2948536206329515e-01
2.3350668839195981e+14 1.2249874921146937e-03 -3.4618790587208764e-01
2.3382054146775544e+14 1.2242803786003656e-03 -3.6363581402316941e-01
2.3413439454355109e+14 1.2239284859505652e-03 -3.8182753274223985e-01
2.3444824761934675e+14 1.2240307027007839e-03 -4.0075161092823569e-01
2.3476210069514238e+14 1.2246870535946267e-03 -4.2038608573048108e-01
2.3507595377093803e+14 1.2259971223942800e-03 -4.4069810094313294e-01
2.3538980684673369e+14 1.2280583834462493e-03 -4.6164380810783945e-01
2.3570365992252931e+14 1.2309644837874428e-03 -4.8316859283992603e-01
2.3601751299832497e+14 1.2348035256150684e-03 -5.0520765616435581e-01
2.3633136607412062e+14 1.2396564050963313e-03 -5.2768696318602393e-01
2.3664521914991625e+14 1.2455952670438386e-03 -5.5052454984861088e-01
2.3695907222571191e+14 1.2526821349129376e-03 -5.7363215489721286e-01
2.3727292530150756e+14 1.2609677716795718e-03 -5.9691712051602908e-01
2.3758677837730319e+14 1.2704908191525390e-03 -6.2028448432732586e-01
2.3790063145309884e+14 1.2812772516985732e-03 -6.4363916979768765e-01
2.3821448452889450e+14 1.2933401660133134e-03 -6.6688817386482480e-01
2.3852833760469012e+14 1.3066799126561530e-03 -6.8994265062180238e-01
2.3884219068048578e+14 1.3212845590104996e-03 -7.1271979838471300e-01
2.3915604375628144e+14 1.3371306584888994e-03 -7.3514447313622411e-01
2.3946989683207706e+14 1.3541842884089797e-03 -7.5715047232536070e-01
2.3978374990787272e+14 1.3724023098053049e-03 -7.7868145661870825e-01
2.4009760298366834e+14 1.3917337969490383e-03 -7.9969150099707376e-01
2.4041145605946400e+14 1.4121215825560344e-03 -8.2014528808749088e-01
2.4072530913525962e+14 1.4335038659766296e-03 -8.4001797421386293e-01
2.4103916221105528e+14 1.4558158357454289e-03 -8.5929477133167165e-01
2.4135301528685094e+14 1.4789912635723860e-03 -8.7797029554497297e-01
2.4166686836264656e+14 1.5029640337232964e-03 -8.9604773564187368e-01
2.4198072143844222e+14 1.5276695787969029e-03 -9.1353789385760342e-01
2.4229457451423788e+14 1.5530461997342257e-03 -9.3045814689639772e-01
2.4260842759003350e+14 1.5790362540830355e-03 -9.4683136908614407e-01
2.4292228066582916e+14 1.6055872017446519e-03 -9.6268485254168878e-01
2.4323613374162481e+14 1.6326525017449343e-03 -9.7804925196309767e-01
2.4354998681742044e+14 1.6601923567765530e-03 -9.9295757494555748e-01
2.4386383989321609e+14 1.6881743048112563e-03 -1.0074442327291071e+00
2.4417769296901175e+14 1.7165736586413104e-03 -1.0215441613505098e+00
2.4449154604480738e+14 1.7453737955141909e-03 -1.0352920193509787e+00
2.4480539912060303e+14 1.7745662997615608e-03 -1.0487214652968198e+00
2.4511925219639869e+14 1.8041509619792452e-03 -1.0618645165000655e+00
2.4543310527219431e+14 1.8341356388851975e-03 -1.0747509891284097e+00
2.4574695834798997e+14 1.8645359786098603e-03 -1.0874080192850240e+00
2.4606081142378562e+14 1.8953750169879600e-03 -1.0998596644630958e+00
2.4637466449958125e+14 1.9266826514295328e-03 -1.1121265847638153e+00
2.4668851757537691e+14 1.9584950001825152e-03 -1.1242258034114496e+00
2.4700237065117253e+14 1.9908536563166624e-03 -1.1361705460869658e+00
2.4731622372696819e+14 2.0238048474012782e-03 -1.1479701585369897e+00
2.4763007680276381e+14 2.0573985137201448e-03 -1.1596301015456287e+00
2.4794392987855947e+14 2.0916873196490321e-03 -1.1711520217356952e+00
2.4825778295435512e+14 2.1267256147579103e-03 -1.1825338958050879e+00
2.4857163603015075e+14 2.1625683626978927e-03 -1.1937702446035634e+00
2.4888548910594641e+14 2.1992700573749981e-03 -1.2048524121493083e+00
2.4919934218174206e+14 2.2368836468204642e-03 -1.2157689031615511e+00
2.4951319525753769e+14 2.2754594855547150e-03 -1.2265057712378873e+00
2.4982704833333334e+14 2.3150443361354446e-03 -1.2370470483266416e+00
